+2.0000000E+00	+2.1692200E-04	-2.8159920E-05
+2.0010000E+00	+2.1755634E-04	-2.8412977E-05
+2.0020000E+00	+2.1819368E-04	-2.8667645E-05
+2.0030000E+00	+2.1883404E-04	-2.8923938E-05
+2.0040000E+00	+2.1947745E-04	-2.9181871E-05
+2.0050000E+00	+2.2012392E-04	-2.9441458E-05
+2.0060000E+00	+2.2077348E-04	-2.9702713E-05
+2.0070000E+00	+2.2142614E-04	-2.9965653E-05
+2.0080000E+00	+2.2208194E-04	-3.0230291E-05
+2.0090000E+00	+2.2274089E-04	-3.0496644E-05
+2.0100000E+00	+2.2340302E-04	-3.0764727E-05
+2.0110000E+00	+2.2406834E-04	-3.1034556E-05
+2.0120000E+00	+2.2473689E-04	-3.1306145E-05
+2.0130000E+00	+2.2540868E-04	-3.1579513E-05
+2.0140000E+00	+2.2608374E-04	-3.1854673E-05
+2.0150000E+00	+2.2676208E-04	-3.2131645E-05
+2.0160000E+00	+2.2744374E-04	-3.2410442E-05
+2.0170000E+00	+2.2812874E-04	-3.2691084E-05
+2.0180000E+00	+2.2881711E-04	-3.2973586E-05
+2.0190000E+00	+2.2950886E-04	-3.3257966E-05
+2.0200000E+00	+2.3020402E-04	-3.3544241E-05
+2.0210000E+00	+2.3090262E-04	-3.3832429E-05
+2.0220000E+00	+2.3160468E-04	-3.4122548E-05
+2.0230000E+00	+2.3231023E-04	-3.4414615E-05
+2.0240000E+00	+2.3301929E-04	-3.4708650E-05
+2.0250000E+00	+2.3373189E-04	-3.5004670E-05
+2.0260000E+00	+2.3444806E-04	-3.5302695E-05
+2.0270000E+00	+2.3516781E-04	-3.5602743E-05
+2.0280000E+00	+2.3589119E-04	-3.5904833E-05
+2.0290000E+00	+2.3661821E-04	-3.6208986E-05
+2.0300000E+00	+2.3734890E-04	-3.6515219E-05
+2.0310000E+00	+2.3808329E-04	-3.6823555E-05
+2.0320000E+00	+2.3882141E-04	-3.7134012E-05
+2.0330000E+00	+2.3956328E-04	-3.7446610E-05
+2.0340000E+00	+2.4030894E-04	-3.7761372E-05
+2.0350000E+00	+2.4105841E-04	-3.8078317E-05
+2.0360000E+00	+2.4181172E-04	-3.8397466E-05
+2.0370000E+00	+2.4256890E-04	-3.8718842E-05
+2.0380000E+00	+2.4332998E-04	-3.9042466E-05
+2.0390000E+00	+2.4409499E-04	-3.9368359E-05
+2.0400000E+00	+2.4486396E-04	-3.9696545E-05
+2.0410000E+00	+2.4563691E-04	-4.0027045E-05
+2.0420000E+00	+2.4641389E-04	-4.0359882E-05
+2.0430000E+00	+2.4719491E-04	-4.0695079E-05
+2.0440000E+00	+2.4798002E-04	-4.1032661E-05
+2.0450000E+00	+2.4876925E-04	-4.1372650E-05
+2.0460000E+00	+2.4956261E-04	-4.1715071E-05
+2.0470000E+00	+2.5036016E-04	-4.2059947E-05
+2.0480000E+00	+2.5116191E-04	-4.2407304E-05
+2.0490000E+00	+2.5196791E-04	-4.2757166E-05
+2.0500000E+00	+2.5277818E-04	-4.3109559E-05
+2.0510000E+00	+2.5359276E-04	-4.3464508E-05
+2.0520000E+00	+2.5441169E-04	-4.3822039E-05
+2.0530000E+00	+2.5523499E-04	-4.4182178E-05
+2.0540000E+00	+2.5606270E-04	-4.4544953E-05
+2.0550000E+00	+2.5689486E-04	-4.4910389E-05
+2.0560000E+00	+2.5773151E-04	-4.5278514E-05
+2.0570000E+00	+2.5857267E-04	-4.5649357E-05
+2.0580000E+00	+2.5941838E-04	-4.6022944E-05
+2.0590000E+00	+2.6026868E-04	-4.6399304E-05
+2.0600000E+00	+2.6112361E-04	-4.6778466E-05
+2.0610000E+00	+2.6198320E-04	-4.7160460E-05
+2.0620000E+00	+2.6284750E-04	-4.7545314E-05
+2.0630000E+00	+2.6371653E-04	-4.7933059E-05
+2.0640000E+00	+2.6459034E-04	-4.8323725E-05
+2.0650000E+00	+2.6546897E-04	-4.8717342E-05
+2.0660000E+00	+2.6635245E-04	-4.9113943E-05
+2.0670000E+00	+2.6724082E-04	-4.9513558E-05
+2.0680000E+00	+2.6813413E-04	-4.9916219E-05
+2.0690000E+00	+2.6903242E-04	-5.0321960E-05
+2.0700000E+00	+2.6993572E-04	-5.0730812E-05
+2.0710000E+00	+2.7084407E-04	-5.1142810E-05
+2.0720000E+00	+2.7175753E-04	-5.1557986E-05
+2.0730000E+00	+2.7267612E-04	-5.1976376E-05
+2.0740000E+00	+2.7359990E-04	-5.2398014E-05
+2.0750000E+00	+2.7452891E-04	-5.2822936E-05
+2.0760000E+00	+2.7546318E-04	-5.3251176E-05
+2.0770000E+00	+2.7640277E-04	-5.3682772E-05
+2.0780000E+00	+2.7734772E-04	-5.4117759E-05
+2.0790000E+00	+2.7829807E-04	-5.4556176E-05
+2.0800000E+00	+2.7925387E-04	-5.4998060E-05
+2.0810000E+00	+2.8021516E-04	-5.5443449E-05
+2.0820000E+00	+2.8118199E-04	-5.5892382E-05
+2.0830000E+00	+2.8215441E-04	-5.6344899E-05
+2.0840000E+00	+2.8313247E-04	-5.6801039E-05
+2.0850000E+00	+2.8411620E-04	-5.7260844E-05
+2.0860000E+00	+2.8510567E-04	-5.7724354E-05
+2.0870000E+00	+2.8610092E-04	-5.8191610E-05
+2.0880000E+00	+2.8710200E-04	-5.8662656E-05
+2.0890000E+00	+2.8810896E-04	-5.9137534E-05
+2.0900000E+00	+2.8912185E-04	-5.9616287E-05
+2.0910000E+00	+2.9014073E-04	-6.0098961E-05
+2.0920000E+00	+2.9116563E-04	-6.0585599E-05
+2.0930000E+00	+2.9219663E-04	-6.1076247E-05
+2.0940000E+00	+2.9323376E-04	-6.1570952E-05
+2.0950000E+00	+2.9427709E-04	-6.2069760E-05
+2.0960000E+00	+2.9532666E-04	-6.2572719E-05
+2.0970000E+00	+2.9638253E-04	-6.3079876E-05
+2.0980000E+00	+2.9744477E-04	-6.3591282E-05
+2.0990000E+00	+2.9851341E-04	-6.4106985E-05
+2.1000000E+00	+2.9958853E-04	-6.4627036E-05
+2.1010000E+00	+3.0067017E-04	-6.5151486E-05
+2.1020000E+00	+3.0175840E-04	-6.5680388E-05
+2.1030000E+00	+3.0285327E-04	-6.6213793E-05
+2.1040000E+00	+3.0395484E-04	-6.6751756E-05
+2.1050000E+00	+3.0506318E-04	-6.7294331E-05
+2.1060000E+00	+3.0617834E-04	-6.7841572E-05
+2.1070000E+00	+3.0730039E-04	-6.8393537E-05
+2.1080000E+00	+3.0842939E-04	-6.8950282E-05
+2.1090000E+00	+3.0956540E-04	-6.9511864E-05
+2.1100000E+00	+3.1070848E-04	-7.0078343E-05
+2.1110000E+00	+3.1185870E-04	-7.0649778E-05
+2.1120000E+00	+3.1301612E-04	-7.1226229E-05
+2.1130000E+00	+3.1418081E-04	-7.1807759E-05
+2.1140000E+00	+3.1535284E-04	-7.2394428E-05
+2.1150000E+00	+3.1653227E-04	-7.2986302E-05
+2.1160000E+00	+3.1771918E-04	-7.3583443E-05
+2.1170000E+00	+3.1891362E-04	-7.4185918E-05
+2.1180000E+00	+3.2011568E-04	-7.4793794E-05
+2.1190000E+00	+3.2132542E-04	-7.5407136E-05
+2.1200000E+00	+3.2254291E-04	-7.6026015E-05
+2.1210000E+00	+3.2376822E-04	-7.6650500E-05
+2.1220000E+00	+3.2500143E-04	-7.7280662E-05
+2.1230000E+00	+3.2624262E-04	-7.7916572E-05
+2.1240000E+00	+3.2749185E-04	-7.8558304E-05
+2.1250000E+00	+3.2874921E-04	-7.9205931E-05
+2.1260000E+00	+3.3001477E-04	-7.9859531E-05
+2.1270000E+00	+3.3128860E-04	-8.0519179E-05
+2.1280000E+00	+3.3257079E-04	-8.1184953E-05
+2.1290000E+00	+3.3386142E-04	-8.1856933E-05
+2.1300000E+00	+3.3516057E-04	-8.2535200E-05
+2.1310000E+00	+3.3646831E-04	-8.3219834E-05
+2.1320000E+00	+3.3778474E-04	-8.3910921E-05
+2.1330000E+00	+3.3910993E-04	-8.4608543E-05
+2.1340000E+00	+3.4044397E-04	-8.5312789E-05
+2.1350000E+00	+3.4178694E-04	-8.6023744E-05
+2.1360000E+00	+3.4313894E-04	-8.6741498E-05
+2.1370000E+00	+3.4450005E-04	-8.7466142E-05
+2.1380000E+00	+3.4587035E-04	-8.8197768E-05
+2.1390000E+00	+3.4724995E-04	-8.8936469E-05
+2.1400000E+00	+3.4863892E-04	-8.9682341E-05
+2.1410000E+00	+3.5003737E-04	-9.0435481E-05
+2.1420000E+00	+3.5144538E-04	-9.1195987E-05
+2.1430000E+00	+3.5286305E-04	-9.1963960E-05
+2.1440000E+00	+3.5429048E-04	-9.2739502E-05
+2.1450000E+00	+3.5572776E-04	-9.3522716E-05
+2.1460000E+00	+3.5717499E-04	-9.4313708E-05
+2.1470000E+00	+3.5863227E-04	-9.5112585E-05
+2.1480000E+00	+3.6009971E-04	-9.5919458E-05
+2.1490000E+00	+3.6157739E-04	-9.6734437E-05
+2.1500000E+00	+3.6306544E-04	-9.7557636E-05
+2.1510000E+00	+3.6456394E-04	-9.8389169E-05
+2.1520000E+00	+3.6607301E-04	-9.9229155E-05
+2.1530000E+00	+3.6759276E-04	-1.0007771E-04
+2.1540000E+00	+3.6912328E-04	-1.0093496E-04
+2.1550000E+00	+3.7066470E-04	-1.0180103E-04
+2.1560000E+00	+3.7221713E-04	-1.0267604E-04
+2.1570000E+00	+3.7378067E-04	-1.0356013E-04
+2.1580000E+00	+3.7535544E-04	-1.0445341E-04
+2.1590000E+00	+3.7694156E-04	-1.0535603E-04
+2.1600000E+00	+3.7853914E-04	-1.0626812E-04
+2.1610000E+00	+3.8014831E-04	-1.0718982E-04
+2.1620000E+00	+3.8176918E-04	-1.0812127E-04
+2.1630000E+00	+3.8340187E-04	-1.0906262E-04
+2.1640000E+00	+3.8504652E-04	-1.1001400E-04
+2.1650000E+00	+3.8670323E-04	-1.1097557E-04
+2.1660000E+00	+3.8837215E-04	-1.1194748E-04
+2.1670000E+00	+3.9005340E-04	-1.1292988E-04
+2.1680000E+00	+3.9174710E-04	-1.1392293E-04
+2.1690000E+00	+3.9345340E-04	-1.1492679E-04
+2.1700000E+00	+3.9517241E-04	-1.1594163E-04
+2.1710000E+00	+3.9690429E-04	-1.1696761E-04
+2.1720000E+00	+3.9864916E-04	-1.1800489E-04
+2.1730000E+00	+4.0040717E-04	-1.1905366E-04
+2.1740000E+00	+4.0217845E-04	-1.2011409E-04
+2.1750000E+00	+4.0396315E-04	-1.2118636E-04
+2.1760000E+00	+4.0576141E-04	-1.2227065E-04
+2.1770000E+00	+4.0757338E-04	-1.2336714E-04
+2.1780000E+00	+4.0939920E-04	-1.2447604E-04
+2.1790000E+00	+4.1123903E-04	-1.2559753E-04
+2.1800000E+00	+4.1309301E-04	-1.2673181E-04
+2.1810000E+00	+4.1496131E-04	-1.2787909E-04
+2.1820000E+00	+4.1684408E-04	-1.2903956E-04
+2.1830000E+00	+4.1874147E-04	-1.3021345E-04
+2.1840000E+00	+4.2065365E-04	-1.3140096E-04
+2.1850000E+00	+4.2258078E-04	-1.3260231E-04
+2.1860000E+00	+4.2452302E-04	-1.3381773E-04
+2.1870000E+00	+4.2648054E-04	-1.3504744E-04
+2.1880000E+00	+4.2845350E-04	-1.3629168E-04
+2.1890000E+00	+4.3044209E-04	-1.3755069E-04
+2.1900000E+00	+4.3244647E-04	-1.3882470E-04
+2.1910000E+00	+4.3446682E-04	-1.4011396E-04
+2.1920000E+00	+4.3650332E-04	-1.4141873E-04
+2.1930000E+00	+4.3855614E-04	-1.4273927E-04
+2.1940000E+00	+4.4062547E-04	-1.4407583E-04
+2.1950000E+00	+4.4271150E-04	-1.4542868E-04
+2.1960000E+00	+4.4481441E-04	-1.4679811E-04
+2.1970000E+00	+4.4693439E-04	-1.4818438E-04
+2.1980000E+00	+4.4907164E-04	-1.4958779E-04
+2.1990000E+00	+4.5122635E-04	-1.5100863E-04
+2.2000000E+00	+4.5339871E-04	-1.5244720E-04
+2.2010000E+00	+4.5558894E-04	-1.5390380E-04
+2.2020000E+00	+4.5779722E-04	-1.5537874E-04
+2.2030000E+00	+4.6002377E-04	-1.5687234E-04
+2.2040000E+00	+4.6226880E-04	-1.5838493E-04
+2.2050000E+00	+4.6453251E-04	-1.5991684E-04
+2.2060000E+00	+4.6681513E-04	-1.6146841E-04
+2.2070000E+00	+4.6911686E-04	-1.6303998E-04
+2.2080000E+00	+4.7143792E-04	-1.6463192E-04
+2.2090000E+00	+4.7377855E-04	-1.6624459E-04
+2.2100000E+00	+4.7613895E-04	-1.6787835E-04
+2.2110000E+00	+4.7851937E-04	-1.6953359E-04
+2.2120000E+00	+4.8092003E-04	-1.7121069E-04
+2.2130000E+00	+4.8334116E-04	-1.7291005E-04
+2.2140000E+00	+4.8578301E-04	-1.7463208E-04
+2.2150000E+00	+4.8824581E-04	-1.7637720E-04
+2.2160000E+00	+4.9072980E-04	-1.7814582E-04
+2.2170000E+00	+4.9323524E-04	-1.7993839E-04
+2.2180000E+00	+4.9576236E-04	-1.8175534E-04
+2.2190000E+00	+4.9831143E-04	-1.8359714E-04
+2.2200000E+00	+5.0088269E-04	-1.8546425E-04
+2.2210000E+00	+5.0347641E-04	-1.8735714E-04
+2.2220000E+00	+5.0609285E-04	-1.8927631E-04
+2.2230000E+00	+5.0873227E-04	-1.9122226E-04
+2.2240000E+00	+5.1139493E-04	-1.9319549E-04
+2.2250000E+00	+5.1408112E-04	-1.9519653E-04
+2.2260000E+00	+5.1679110E-04	-1.9722592E-04
+2.2270000E+00	+5.1952515E-04	-1.9928421E-04
+2.2280000E+00	+5.2228355E-04	-2.0137196E-04
+2.2290000E+00	+5.2506659E-04	-2.0348974E-04
+2.2300000E+00	+5.2787455E-04	-2.0563815E-04
+2.2310000E+00	+5.3070772E-04	-2.0781780E-04
+2.2320000E+00	+5.3356640E-04	-2.1002930E-04
+2.2330000E+00	+5.3645088E-04	-2.1227329E-04
+2.2340000E+00	+5.3936147E-04	-2.1455042E-04
+2.2350000E+00	+5.4229846E-04	-2.1686136E-04
+2.2360000E+00	+5.4526215E-04	-2.1920679E-04
+2.2370000E+00	+5.4825287E-04	-2.2158742E-04
+2.2380000E+00	+5.5127092E-04	-2.2400396E-04
+2.2390000E+00	+5.5431661E-04	-2.2645716E-04
+2.2400000E+00	+5.5739027E-04	-2.2894777E-04
+2.2410000E+00	+5.6049221E-04	-2.3147657E-04
+2.2420000E+00	+5.6362277E-04	-2.3404435E-04
+2.2430000E+00	+5.6678225E-04	-2.3665194E-04
+2.2440000E+00	+5.6997100E-04	-2.3930016E-04
+2.2450000E+00	+5.7318935E-04	-2.4198988E-04
+2.2460000E+00	+5.7643763E-04	-2.4472199E-04
+2.2470000E+00	+5.7971617E-04	-2.4749739E-04
+2.2480000E+00	+5.8302532E-04	-2.5031702E-04
+2.2490000E+00	+5.8636542E-04	-2.5318181E-04
+2.2500000E+00	+5.8973680E-04	-2.5609277E-04
+2.2510000E+00	+5.9313982E-04	-2.5905089E-04
+2.2520000E+00	+5.9657483E-04	-2.6205721E-04
+2.2530000E+00	+6.0004216E-04	-2.6511280E-04
+2.2540000E+00	+6.0354217E-04	-2.6821873E-04
+2.2550000E+00	+6.0707521E-04	-2.7137615E-04
+2.2560000E+00	+6.1064164E-04	-2.7458619E-04
+2.2570000E+00	+6.1424179E-04	-2.7785004E-04
+2.2580000E+00	+6.1787604E-04	-2.8116892E-04
+2.2590000E+00	+6.2154472E-04	-2.8454408E-04
+2.2600000E+00	+6.2524820E-04	-2.8797681E-04
+2.2610000E+00	+6.2898682E-04	-2.9146843E-04
+2.2620000E+00	+6.3276094E-04	-2.9502029E-04
+2.2630000E+00	+6.3657090E-04	-2.9863380E-04
+2.2640000E+00	+6.4041705E-04	-3.0231039E-04
+2.2650000E+00	+6.4429974E-04	-3.0605154E-04
+2.2660000E+00	+6.4821932E-04	-3.0985878E-04
+2.2670000E+00	+6.5217611E-04	-3.1373367E-04
+2.2680000E+00	+6.5617047E-04	-3.1767781E-04
+2.2690000E+00	+6.6020271E-04	-3.2169287E-04
+2.2700000E+00	+6.6427317E-04	-3.2578055E-04
+2.2710000E+00	+6.6838216E-04	-3.2994261E-04
+2.2720000E+00	+6.7253001E-04	-3.3418085E-04
+2.2730000E+00	+6.7671702E-04	-3.3849714E-04
+2.2740000E+00	+6.8094348E-04	-3.4289339E-04
+2.2750000E+00	+6.8520969E-04	-3.4737157E-04
+2.2760000E+00	+6.8951593E-04	-3.5193373E-04
+2.2770000E+00	+6.9386247E-04	-3.5658194E-04
+2.2780000E+00	+6.9824956E-04	-3.6131837E-04
+2.2790000E+00	+7.0267745E-04	-3.6614523E-04
+2.2800000E+00	+7.0714636E-04	-3.7106483E-04
+2.2810000E+00	+7.1165652E-04	-3.7607950E-04
+2.2820000E+00	+7.1620810E-04	-3.8119170E-04
+2.2830000E+00	+7.2080129E-04	-3.8640392E-04
+2.2840000E+00	+7.2543625E-04	-3.9171874E-04
+2.2850000E+00	+7.3011310E-04	-3.9713883E-04
+2.2860000E+00	+7.3483195E-04	-4.0266693E-04
+2.2870000E+00	+7.3959289E-04	-4.0830587E-04
+2.2880000E+00	+7.4439596E-04	-4.1405857E-04
+2.2890000E+00	+7.4924119E-04	-4.1992805E-04
+2.2900000E+00	+7.5412856E-04	-4.2591740E-04
+2.2910000E+00	+7.5905802E-04	-4.3202983E-04
+2.2920000E+00	+7.6402949E-04	-4.3826864E-04
+2.2930000E+00	+7.6904283E-04	-4.4463724E-04
+2.2940000E+00	+7.7409787E-04	-4.5113914E-04
+2.2950000E+00	+7.7919437E-04	-4.5777797E-04
+2.2960000E+00	+7.8433207E-04	-4.6455748E-04
+2.2970000E+00	+7.8951061E-04	-4.7148153E-04
+2.2980000E+00	+7.9472962E-04	-4.7855409E-04
+2.2990000E+00	+7.9998861E-04	-4.8577929E-04
+2.3000000E+00	+8.0528706E-04	-4.9316137E-04
+2.3010000E+00	+8.1062435E-04	-5.0070471E-04
+2.3020000E+00	+8.1599979E-04	-5.0841384E-04
+2.3030000E+00	+8.2141261E-04	-5.1629341E-04
+2.3040000E+00	+8.2686192E-04	-5.2434824E-04
+2.3050000E+00	+8.3234675E-04	-5.3258330E-04
+2.3060000E+00	+8.3786602E-04	-5.4100373E-04
+2.3070000E+00	+8.4341853E-04	-5.4961482E-04
+2.3080000E+00	+8.4900295E-04	-5.5842202E-04
+2.3090000E+00	+8.5461783E-04	-5.6743099E-04
+2.3100000E+00	+8.6026157E-04	-5.7664753E-04
+2.3110000E+00	+8.6593241E-04	-5.8607766E-04
+2.3120000E+00	+8.7162843E-04	-5.9572755E-04
+2.3130000E+00	+8.7734756E-04	-6.0560361E-04
+2.3140000E+00	+8.8308750E-04	-6.1571242E-04
+2.3150000E+00	+8.8884578E-04	-6.2606078E-04
+2.3160000E+00	+8.9461970E-04	-6.3665569E-04
+2.3170000E+00	+9.0040634E-04	-6.4750438E-04
+2.3180000E+00	+9.0620253E-04	-6.5861430E-04
+2.3190000E+00	+9.1200483E-04	-6.6999310E-04
+2.3200000E+00	+9.1780954E-04	-6.8164870E-04
+2.3210000E+00	+9.2361264E-04	-6.9358924E-04
+2.3220000E+00	+9.2940980E-04	-7.0582309E-04
+2.3230000E+00	+9.3519634E-04	-7.1835886E-04
+2.3240000E+00	+9.4096721E-04	-7.3120543E-04
+2.3250000E+00	+9.4671699E-04	-7.4437192E-04
+2.3260000E+00	+9.5243981E-04	-7.5786767E-04
+2.3270000E+00	+9.5812939E-04	-7.7170232E-04
+2.3280000E+00	+9.6377895E-04	-7.8588573E-04
+2.3290000E+00	+9.6938120E-04	-8.0042802E-04
+2.3300000E+00	+9.7492833E-04	-8.1533956E-04
+2.3310000E+00	+9.8041193E-04	-8.3063098E-04
+2.3320000E+00	+9.8582299E-04	-8.4631311E-04
+2.3330000E+00	+9.9115184E-04	-8.6239707E-04
+2.3340000E+00	+9.9638811E-04	-8.7889417E-04
+2.3350000E+00	+1.0015207E-03	-8.9581594E-04
+2.3360000E+00	+1.0065376E-03	-9.1317413E-04
+2.3370000E+00	+1.0114263E-03	-9.3098066E-04
+2.3380000E+00	+1.0161729E-03	-9.4924763E-04
+2.3390000E+00	+1.0207630E-03	-9.6798727E-04
+2.3400000E+00	+1.0251809E-03	-9.8721194E-04
+2.3410000E+00	+1.0294100E-03	-1.0069341E-03
+2.3420000E+00	+1.0334324E-03	-1.0271662E-03
+2.3430000E+00	+1.0372293E-03	-1.0479208E-03
+2.3440000E+00	+1.0407803E-03	-1.0692104E-03
+2.3450000E+00	+1.0440638E-03	-1.0910472E-03
+2.3460000E+00	+1.0470569E-03	-1.1134437E-03
+2.3470000E+00	+1.0497349E-03	-1.1364117E-03
+2.3480000E+00	+1.0520720E-03	-1.1599630E-03
+2.3490000E+00	+1.0540404E-03	-1.1841089E-03
+2.3500000E+00	+1.0556106E-03	-1.2088602E-03
+2.3510000E+00	+1.0567515E-03	-1.2342271E-03
+2.3520000E+00	+1.0574300E-03	-1.2602193E-03
+2.3530000E+00	+1.0576110E-03	-1.2868453E-03
+2.3540000E+00	+1.0572574E-03	-1.3141129E-03
+2.3550000E+00	+1.0563302E-03	-1.3420285E-03
+2.3560000E+00	+1.0547879E-03	-1.3705974E-03
+2.3570000E+00	+1.0525870E-03	-1.3998230E-03
+2.3580000E+00	+1.0496817E-03	-1.4297073E-03
+2.3590000E+00	+1.0460240E-03	-1.4602501E-03
+2.3600000E+00	+1.0415633E-03	-1.4914490E-03
+2.3610000E+00	+1.0362469E-03	-1.5232991E-03
+2.3620000E+00	+1.0300197E-03	-1.5557926E-03
+2.3630000E+00	+1.0228243E-03	-1.5889187E-03
+2.3640000E+00	+1.0146012E-03	-1.6226628E-03
+2.3650000E+00	+1.0052886E-03	-1.6570069E-03
+2.3660000E+00	+9.9482290E-04	-1.6919285E-03
+2.3670000E+00	+9.8313851E-04	-1.7274005E-03
+2.3680000E+00	+9.7016835E-04	-1.7633910E-03
+2.3690000E+00	+9.5584396E-04	-1.7998624E-03
+2.3700000E+00	+9.4009588E-04	-1.8367716E-03
+2.3710000E+00	+9.2285403E-04	-1.8740688E-03
+2.3720000E+00	+9.0404816E-04	-1.9116981E-03
+2.3730000E+00	+8.8360835E-04	-1.9495959E-03
+2.3740000E+00	+8.6146564E-04	-1.9876918E-03
+2.3750000E+00	+8.3755267E-04	-2.0259071E-03
+2.3760000E+00	+8.1180446E-04	-2.0641552E-03
+2.3770000E+00	+7.8415923E-04	-2.1023414E-03
+2.3780000E+00	+7.5455931E-04	-2.1403623E-03
+2.3790000E+00	+7.2295213E-04	-2.1781060E-03
+2.3800000E+00	+6.8929126E-04	-2.2154522E-03
+2.3810000E+00	+6.5353756E-04	-2.2522720E-03
+2.3820000E+00	+6.1566029E-04	-2.2884288E-03
+2.3830000E+00	+5.7563835E-04	-2.3237783E-03
+2.3840000E+00	+5.3346146E-04	-2.3581690E-03
+2.3850000E+00	+4.8913133E-04	-2.3914434E-03
+2.3860000E+00	+4.4266286E-04	-2.4234389E-03
+2.3870000E+00	+3.9408518E-04	-2.4539888E-03
+2.3880000E+00	+3.4344264E-04	-2.4829236E-03
+2.3890000E+00	+2.9079568E-04	-2.5100730E-03
+2.3900000E+00	+2.3622145E-04	-2.5352672E-03
+2.3910000E+00	+1.7981432E-04	-2.5583390E-03
+2.3920000E+00	+1.2168605E-04	-2.5791259E-03
+2.3930000E+00	+6.1965798E-05	-2.5974719E-03
+2.3940000E+00	+7.9971045E-07	-2.6132301E-03
+2.3950000E+00	-6.1649708E-05	-2.6262647E-03
+2.3960000E+00	-1.2520460E-04	-2.6364529E-03
+2.3970000E+00	-1.8967306E-04	-2.6436874E-03
+2.3980000E+00	-2.5485078E-04	-2.6478780E-03
+2.3990000E+00	-3.2052299E-04	-2.6489533E-03
+2.4000000E+00	-3.8646661E-04	-2.6468624E-03
+2.4010000E+00	-4.5245268E-04	-2.6415755E-03
+2.4020000E+00	-5.1824896E-04	-2.6330851E-03
+2.4030000E+00	-5.8362258E-04	-2.6214062E-03
+2.4040000E+00	-6.4834280E-04	-2.6065763E-03
+2.4050000E+00	-7.1218370E-04	-2.5886550E-03
+2.4060000E+00	-7.7492681E-04	-2.5677233E-03
+2.4070000E+00	-8.3636360E-04	-2.5438824E-03
+2.4080000E+00	-8.9629769E-04	-2.5172522E-03
+2.4090000E+00	-9.5454688E-04	-2.4879693E-03
+2.4100000E+00	-1.0109449E-03	-2.4561854E-03
+2.4110000E+00	-1.0653426E-03	-2.4220649E-03
+2.4120000E+00	-1.1176092E-03	-2.3857826E-03
+2.4130000E+00	-1.1676328E-03	-2.3475211E-03
+2.4140000E+00	-1.2153209E-03	-2.3074687E-03
+2.4150000E+00	-1.2606000E-03	-2.2658173E-03
+2.4160000E+00	-1.3034157E-03	-2.2227593E-03
+2.4170000E+00	-1.3437320E-03	-2.1784865E-03
+2.4180000E+00	-1.3815302E-03	-2.1331875E-03
+2.4190000E+00	-1.4168082E-03	-2.0870464E-03
+2.4200000E+00	-1.4495791E-03	-2.0402410E-03
+2.4210000E+00	-1.4798702E-03	-1.9929417E-03
+2.4220000E+00	-1.5077210E-03	-1.9453104E-03
+2.4230000E+00	-1.5331826E-03	-1.8974997E-03
+2.4240000E+00	-1.5563153E-03	-1.8496522E-03
+2.4250000E+00	-1.5771881E-03	-1.8019003E-03
+2.4260000E+00	-1.5958768E-03	-1.7543657E-03
+2.4270000E+00	-1.6124626E-03	-1.7071596E-03
+2.4280000E+00	-1.6270311E-03	-1.6603825E-03
+2.4290000E+00	-1.6396714E-03	-1.6141247E-03
+2.4300000E+00	-1.6504742E-03	-1.5684665E-03
+2.4310000E+00	-1.6595320E-03	-1.5234783E-03
+2.4320000E+00	-1.6669372E-03	-1.4792216E-03
+2.4330000E+00	-1.6727819E-03	-1.4357489E-03
+2.4340000E+00	-1.6771572E-03	-1.3931050E-03
+2.4350000E+00	-1.6801528E-03	-1.3513267E-03
+2.4360000E+00	-1.6818559E-03	-1.3104438E-03
+2.4370000E+00	-1.6823516E-03	-1.2704800E-03
+2.4380000E+00	-1.6817222E-03	-1.2314527E-03
+2.4390000E+00	-1.6800469E-03	-1.1933741E-03
+2.4400000E+00	-1.6774018E-03	-1.1562516E-03
+2.4410000E+00	-1.6738597E-03	-1.1200881E-03
+2.4420000E+00	-1.6694901E-03	-1.0848829E-03
+2.4430000E+00	-1.6643590E-03	-1.0506316E-03
+2.4440000E+00	-1.6585291E-03	-1.0173270E-03
+2.4450000E+00	-1.6520597E-03	-9.8495910E-04
+2.4460000E+00	-1.6450066E-03	-9.5351572E-04
+2.4470000E+00	-1.6374225E-03	-9.2298271E-04
+2.4480000E+00	-1.6293571E-03	-8.9334427E-04
+2.4490000E+00	-1.6208567E-03	-8.6458319E-04
+2.4500000E+00	-1.6119650E-03	-8.3668114E-04
+2.4510000E+00	-1.6027226E-03	-8.0961884E-04
+2.4520000E+00	-1.5931674E-03	-7.8337629E-04
+2.4530000E+00	-1.5833350E-03	-7.5793294E-04
+2.4540000E+00	-1.5732582E-03	-7.3326782E-04
+2.4550000E+00	-1.5629677E-03	-7.0935969E-04
+2.4560000E+00	-1.5524919E-03	-6.8618720E-04
+2.4570000E+00	-1.5418572E-03	-6.6372891E-04
+2.4580000E+00	-1.5310879E-03	-6.4196346E-04
+2.4590000E+00	-1.5202065E-03	-6.2086960E-04
+2.4600000E+00	-1.5092340E-03	-6.0042628E-04
+2.4610000E+00	-1.4981893E-03	-5.8061269E-04
+2.4620000E+00	-1.4870902E-03	-5.6140834E-04
+2.4630000E+00	-1.4759530E-03	-5.4279306E-04
+2.4640000E+00	-1.4647924E-03	-5.2474704E-04
+2.4650000E+00	-1.4536220E-03	-5.0725087E-04
+2.4660000E+00	-1.4424545E-03	-4.9028556E-04
+2.4670000E+00	-1.4313011E-03	-4.7383255E-04
+2.4680000E+00	-1.4201722E-03	-4.5787369E-04
+2.4690000E+00	-1.4090773E-03	-4.4239131E-04
+2.4700000E+00	-1.3980249E-03	-4.2736816E-04
+2.4710000E+00	-1.3870226E-03	-4.1278744E-04
+2.4720000E+00	-1.3760775E-03	-3.9863279E-04
+2.4730000E+00	-1.3651958E-03	-3.8488827E-04
+2.4740000E+00	-1.3543832E-03	-3.7153841E-04
+2.4750000E+00	-1.3436444E-03	-3.5856809E-04
+2.4760000E+00	-1.3329841E-03	-3.4596266E-04
+2.4770000E+00	-1.3224059E-03	-3.3370780E-04
+2.4780000E+00	-1.3119133E-03	-3.2178962E-04
+2.4790000E+00	-1.3015090E-03	-3.1019454E-04
+2.4800000E+00	-1.2911956E-03	-2.9890936E-04
+2.4810000E+00	-1.2809749E-03	-2.8792119E-04
+2.4820000E+00	-1.2708487E-03	-2.7721744E-04
+2.4830000E+00	-1.2608179E-03	-2.6678583E-04
+2.4840000E+00	-1.2508836E-03	-2.5661431E-04
+2.4850000E+00	-1.2410461E-03	-2.4669109E-04
+2.4860000E+00	-1.2313056E-03	-2.3700463E-04
+2.4870000E+00	-1.2216617E-03	-2.2754354E-04
+2.4880000E+00	-1.2121140E-03	-2.1829665E-04
+2.4890000E+00	-1.2026613E-03	-2.0925290E-04
+2.4900000E+00	-1.1933024E-03	-2.0040139E-04
+2.4910000E+00	-1.1840355E-03	-1.9173130E-04
+2.4920000E+00	-1.1748585E-03	-1.8323190E-04
+2.4930000E+00	-1.1657688E-03	-1.7489249E-04
+2.4940000E+00	-1.1567634E-03	-1.6670241E-04
+2.4950000E+00	-1.1478385E-03	-1.5865099E-04
+2.4960000E+00	-1.1389902E-03	-1.5072754E-04
+2.4970000E+00	-1.1302135E-03	-1.4292129E-04
+2.4980000E+00	-1.1215028E-03	-1.3522145E-04
+2.4990000E+00	-1.1128517E-03	-1.2761710E-04
+2.5000000E+00	-1.1042527E-03	-1.2009727E-04
+2.5010000E+00	-1.0956975E-03	-1.1265090E-04
+2.5020000E+00	-1.0871760E-03	-1.0526685E-04
+2.5030000E+00	-1.0786769E-03	-9.7933974E-05
+2.5040000E+00	-1.0701872E-03	-9.0641192E-05
+2.5050000E+00	-1.0616916E-03	-8.3377579E-05
+2.5060000E+00	-1.0531726E-03	-7.6132555E-05
+2.5070000E+00	-1.0446098E-03	-6.8896128E-05
+2.5080000E+00	-1.0359797E-03	-6.1659244E-05
+2.5090000E+00	-1.0272549E-03	-5.4414269E-05
+2.5100000E+00	-1.0184040E-03	-4.7155663E-05
+2.5110000E+00	-1.0093906E-03	-3.9880877E-05
+2.5120000E+00	-1.0001730E-03	-3.2591559E-05
+2.5130000E+00	-9.9070378E-04	-2.5295145E-05
+2.5140000E+00	-9.8092940E-04	-1.8006920E-05
+2.5150000E+00	-9.7079045E-04	-1.0752630E-05
+2.5160000E+00	-9.6022237E-04	-3.5717178E-06
+2.5170000E+00	-9.4915713E-04	+3.4788252E-06
+2.5180000E+00	-9.3752648E-04	+1.0320128E-05
+2.5190000E+00	-9.2526711E-04	+1.6846974E-05
+2.5200000E+00	-9.1232857E-04	+2.2923916E-05
+2.5210000E+00	-8.9868420E-04	+2.8383176E-05
+2.5220000E+00	-8.8434530E-04	+3.3026113E-05
+2.5230000E+00	-8.6937743E-04	+3.6630518E-05
+2.5240000E+00	-8.5391670E-04	+3.8966051E-05
+2.5250000E+00	-8.3818159E-04	+3.9819171E-05
+2.5260000E+00	-8.2247475E-04	+3.9026566E-05
+2.5270000E+00	-8.0716892E-04	+3.6512275E-05
+2.5280000E+00	-7.9267407E-04	+3.2319688E-05
+2.5290000E+00	-7.7938847E-04	+2.6627545E-05
+2.5300000E+00	-7.6764364E-04	+1.9741371E-05
+2.5310000E+00	-7.5765728E-04	+1.2058933E-05
+2.5320000E+00	-7.4950768E-04	+4.0174618E-06
+2.5330000E+00	-7.4313528E-04	-3.9631933E-06
+2.5340000E+00	-7.3836835E-04	-1.1527079E-05
+2.5350000E+00	-7.3496229E-04	-1.8409425E-05
+2.5360000E+00	-7.3264093E-04	-2.4443423E-05
+2.5370000E+00	-7.3113091E-04	-2.9551071E-05
+2.5380000E+00	-7.3018503E-04	-3.3725059E-05
+2.5390000E+00	-7.2959457E-04	-3.7008058E-05
+2.5400000E+00	-7.2919289E-04	-3.9473697E-05
+2.5410000E+00	-7.2885328E-04	-4.1211322E-05
+2.5420000E+00	-7.2848383E-04	-4.2315003E-05
+2.5430000E+00	-7.2802119E-04	-4.2876341E-05
+2.5440000E+00	-7.2742439E-04	-4.2980257E-05
+2.5450000E+00	-7.2666934E-04	-4.2702913E-05
+2.5460000E+00	-7.2574434E-04	-4.2111046E-05
+2.5470000E+00	-7.2464644E-04	-4.1262164E-05
+2.5480000E+00	-7.2337872E-04	-4.0205227E-05
+2.5490000E+00	-7.2194819E-04	-3.8981539E-05
+2.5500000E+00	-7.2036428E-04	-3.7625716E-05
+2.5510000E+00	-7.1863779E-04	-3.6166626E-05
+2.5520000E+00	-7.1678014E-04	-3.4628247E-05
+2.5530000E+00	-7.1480281E-04	-3.3030441E-05
+2.5540000E+00	-7.1271703E-04	-3.1389615E-05
+2.5550000E+00	-7.1053356E-04	-2.9719294E-05
+2.5560000E+00	-7.0826257E-04	-2.8030606E-05
+2.5570000E+00	-7.0591355E-04	-2.6332684E-05
+2.5580000E+00	-7.0349529E-04	-2.4633006E-05
+2.5590000E+00	-7.0101590E-04	-2.2937677E-05
+2.5600000E+00	-6.9848280E-04	-2.1251663E-05
+2.5610000E+00	-6.9590281E-04	-1.9578987E-05
+2.5620000E+00	-6.9328211E-04	-1.7922887E-05
+2.5630000E+00	-6.9062634E-04	-1.6285950E-05
+2.5640000E+00	-6.8794064E-04	-1.4670224E-05
+2.5650000E+00	-6.8522965E-04	-1.3077308E-05
+2.5660000E+00	-6.8249759E-04	-1.1508431E-05
+2.5670000E+00	-6.7974830E-04	-9.9645111E-06
+2.5680000E+00	-6.7698523E-04	-8.4462106E-06
+2.5690000E+00	-6.7421153E-04	-6.9539799E-06
+2.5700000E+00	-6.7143004E-04	-5.4880932E-06
+2.5710000E+00	-6.6864333E-04	-4.0486796E-06
+2.5720000E+00	-6.6585373E-04	-2.6357480E-06
+2.5730000E+00	-6.6306334E-04	-1.2492085E-06
+2.5740000E+00	-6.6027409E-04	+1.1110926E-07
+2.5750000E+00	-6.5748768E-04	+1.4454419E-06
+2.5760000E+00	-6.5470568E-04	+2.7540793E-06
+2.5770000E+00	-6.5192950E-04	+4.0373544E-06
+2.5780000E+00	-6.4916041E-04	+5.2956341E-06
+2.5790000E+00	-6.4639956E-04	+6.5293123E-06
+2.5800000E+00	-6.4364799E-04	+7.7388033E-06
+2.5810000E+00	-6.4090662E-04	+8.9245369E-06
+2.5820000E+00	-6.3817631E-04	+1.0086954E-05
+2.5830000E+00	-6.3545781E-04	+1.1226503E-05
+2.5840000E+00	-6.3275179E-04	+1.2343636E-05
+2.5850000E+00	-6.3005886E-04	+1.3438808E-05
+2.5860000E+00	-6.2737958E-04	+1.4512473E-05
+2.5870000E+00	-6.2471442E-04	+1.5565083E-05
+2.5880000E+00	-6.2206383E-04	+1.6597088E-05
+2.5890000E+00	-6.1942817E-04	+1.7608932E-05
+2.5900000E+00	-6.1680780E-04	+1.8601053E-05
+2.5910000E+00	-6.1420300E-04	+1.9573884E-05
+2.5920000E+00	-6.1161405E-04	+2.0527850E-05
+2.5930000E+00	-6.0904116E-04	+2.1463370E-05
+2.5940000E+00	-6.0648454E-04	+2.2380854E-05
+2.5950000E+00	-6.0394435E-04	+2.3280704E-05
+2.5960000E+00	-6.0142074E-04	+2.4163314E-05
+2.5970000E+00	-5.9891381E-04	+2.5029069E-05
+2.5980000E+00	-5.9642366E-04	+2.5878348E-05
+2.5990000E+00	-5.9395038E-04	+2.6711518E-05
+2.6000000E+00	-5.9149401E-04	+2.7528940E-05
+2.6010000E+00	-5.8905460E-04	+2.8330965E-05
+2.6020000E+00	-5.8663217E-04	+2.9117937E-05
+2.6030000E+00	-5.8422673E-04	+2.9890191E-05
+2.6040000E+00	-5.8183827E-04	+3.0648053E-05
+2.6050000E+00	-5.7946679E-04	+3.1391844E-05
+2.6060000E+00	-5.7711226E-04	+3.2121874E-05
+2.6070000E+00	-5.7477464E-04	+3.2838446E-05
+2.6080000E+00	-5.7245389E-04	+3.3541855E-05
+2.6090000E+00	-5.7014995E-04	+3.4232392E-05
+2.6100000E+00	-5.6786277E-04	+3.4910336E-05
+2.6110000E+00	-5.6559227E-04	+3.5575961E-05
+2.6120000E+00	-5.6333839E-04	+3.6229536E-05
+2.6130000E+00	-5.6110104E-04	+3.6871319E-05
+2.6140000E+00	-5.5888015E-04	+3.7501566E-05
+2.6150000E+00	-5.5667562E-04	+3.8120523E-05
+2.6160000E+00	-5.5448735E-04	+3.8728432E-05
+2.6170000E+00	-5.5231526E-04	+3.9325527E-05
+2.6180000E+00	-5.5015924E-04	+3.9912039E-05
+2.6190000E+00	-5.4801918E-04	+4.0488190E-05
+2.6200000E+00	-5.4589499E-04	+4.1054198E-05
+2.6210000E+00	-5.4378654E-04	+4.1610277E-05
+2.6220000E+00	-5.4169374E-04	+4.2156632E-05
+2.6230000E+00	-5.3961647E-04	+4.2693467E-05
+2.6240000E+00	-5.3755461E-04	+4.3220977E-05
+2.6250000E+00	-5.3550804E-04	+4.3739356E-05
+2.6260000E+00	-5.3347665E-04	+4.4248790E-05
+2.6270000E+00	-5.3146033E-04	+4.4749463E-05
+2.6280000E+00	-5.2945894E-04	+4.5241552E-05
+2.6290000E+00	-5.2747238E-04	+4.5725233E-05
+2.6300000E+00	-5.2550051E-04	+4.6200674E-05
+2.6310000E+00	-5.2354323E-04	+4.6668041E-05
+2.6320000E+00	-5.2160039E-04	+4.7127496E-05
+2.6330000E+00	-5.1967190E-04	+4.7579197E-05
+2.6340000E+00	-5.1775761E-04	+4.8023298E-05
+2.6350000E+00	-5.1585741E-04	+4.8459949E-05
+2.6360000E+00	-5.1397118E-04	+4.8889297E-05
+2.6370000E+00	-5.1209880E-04	+4.9311486E-05
+2.6380000E+00	-5.1024014E-04	+4.9726654E-05
+2.6390000E+00	-5.0839508E-04	+5.0134940E-05
+2.6400000E+00	-5.0656350E-04	+5.0536476E-05
+2.6410000E+00	-5.0474528E-04	+5.0931393E-05
+2.6420000E+00	-5.0294030E-04	+5.1319818E-05
+2.6430000E+00	-5.0114844E-04	+5.1701876E-05
+2.6440000E+00	-4.9936958E-04	+5.2077689E-05
+2.6450000E+00	-4.9760361E-04	+5.2447374E-05
+2.6460000E+00	-4.9585040E-04	+5.2811048E-05
+2.6470000E+00	-4.9410983E-04	+5.3168826E-05
+2.6480000E+00	-4.9238180E-04	+5.3520816E-05
+2.6490000E+00	-4.9066618E-04	+5.3867129E-05
+2.6500000E+00	-4.8896287E-04	+5.4207869E-05
+2.6510000E+00	-4.8727174E-04	+5.4543141E-05
+2.6520000E+00	-4.8559268E-04	+5.4873046E-05
+2.6530000E+00	-4.8392558E-04	+5.5197683E-05
+2.6540000E+00	-4.8227034E-04	+5.5517149E-05
+2.6550000E+00	-4.8062683E-04	+5.5831538E-05
+2.6560000E+00	-4.7899495E-04	+5.6140943E-05
+2.6570000E+00	-4.7737459E-04	+5.6445456E-05
+2.6580000E+00	-4.7576565E-04	+5.6745164E-05
+2.6590000E+00	-4.7416801E-04	+5.7040154E-05
+2.6600000E+00	-4.7258157E-04	+5.7330512E-05
+2.6610000E+00	-4.7100622E-04	+5.7616320E-05
+2.6620000E+00	-4.6944187E-04	+5.7897661E-05
+2.6630000E+00	-4.6788840E-04	+5.8174612E-05
+2.6640000E+00	-4.6634572E-04	+5.8447253E-05
+2.6650000E+00	-4.6481372E-04	+5.8715659E-05
+2.6660000E+00	-4.6329231E-04	+5.8979906E-05
+2.6670000E+00	-4.6178138E-04	+5.9240066E-05
+2.6680000E+00	-4.6028083E-04	+5.9496211E-05
+2.6690000E+00	-4.5879058E-04	+5.9748411E-05
+2.6700000E+00	-4.5731052E-04	+5.9996735E-05
+2.6710000E+00	-4.5584055E-04	+6.0241250E-05
+2.6720000E+00	-4.5438059E-04	+6.0482021E-05
+2.6730000E+00	-4.5293053E-04	+6.0719114E-05
+2.6740000E+00	-4.5149030E-04	+6.0952591E-05
+2.6750000E+00	-4.5005978E-04	+6.1182515E-05
+2.6760000E+00	-4.4863891E-04	+6.1408946E-05
+2.6770000E+00	-4.4722757E-04	+6.1631943E-05
+2.6780000E+00	-4.4582569E-04	+6.1851564E-05
+2.6790000E+00	-4.4443318E-04	+6.2067868E-05
+2.6800000E+00	-4.4304995E-04	+6.2280909E-05
+2.6810000E+00	-4.4167592E-04	+6.2490743E-05
+2.6820000E+00	-4.4031099E-04	+6.2697423E-05
+2.6830000E+00	-4.3895509E-04	+6.2901002E-05
+2.6840000E+00	-4.3760814E-04	+6.3101532E-05
+2.6850000E+00	-4.3627004E-04	+6.3299063E-05
+2.6860000E+00	-4.3494072E-04	+6.3493644E-05
+2.6870000E+00	-4.3362009E-04	+6.3685326E-05
+2.6880000E+00	-4.3230808E-04	+6.3874154E-05
+2.6890000E+00	-4.3100462E-04	+6.4060177E-05
+2.6900000E+00	-4.2970961E-04	+6.4243439E-05
+2.6910000E+00	-4.2842298E-04	+6.4423987E-05
+2.6920000E+00	-4.2714466E-04	+6.4601863E-05
+2.6930000E+00	-4.2587457E-04	+6.4777113E-05
+2.6940000E+00	-4.2461264E-04	+6.4949777E-05
+2.6950000E+00	-4.2335878E-04	+6.5119898E-05
+2.6960000E+00	-4.2211294E-04	+6.5287517E-05
+2.6970000E+00	-4.2087503E-04	+6.5452673E-05
+2.6980000E+00	-4.1964499E-04	+6.5615407E-05
+2.6990000E+00	-4.1842274E-04	+6.5775756E-05
+2.7000000E+00	-4.1720821E-04	+6.5933759E-05
+2.7010000E+00	-4.1600134E-04	+6.6089453E-05
+2.7020000E+00	-4.1480205E-04	+6.6242875E-05
+2.7030000E+00	-4.1361028E-04	+6.6394060E-05
+2.7040000E+00	-4.1242596E-04	+6.6543043E-05
+2.7050000E+00	-4.1124902E-04	+6.6689860E-05
+2.7060000E+00	-4.1007940E-04	+6.6834544E-05
+2.7070000E+00	-4.0891704E-04	+6.6977128E-05
+2.7080000E+00	-4.0776186E-04	+6.7117646E-05
+2.7090000E+00	-4.0661381E-04	+6.7256128E-05
+2.7100000E+00	-4.0547282E-04	+6.7392608E-05
+2.7110000E+00	-4.0433884E-04	+6.7527115E-05
+2.7120000E+00	-4.0321179E-04	+6.7659680E-05
+2.7130000E+00	-4.0209161E-04	+6.7790334E-05
+2.7140000E+00	-4.0097826E-04	+6.7919104E-05
+2.7150000E+00	-3.9987167E-04	+6.8046021E-05
+2.7160000E+00	-3.9877177E-04	+6.8171113E-05
+2.7170000E+00	-3.9767851E-04	+6.8294407E-05
+2.7180000E+00	-3.9659184E-04	+6.8415930E-05
+2.7190000E+00	-3.9551170E-04	+6.8535710E-05
+2.7200000E+00	-3.9443802E-04	+6.8653773E-05
+2.7210000E+00	-3.9337076E-04	+6.8770145E-05
+2.7220000E+00	-3.9230986E-04	+6.8884850E-05
+2.7230000E+00	-3.9125526E-04	+6.8997915E-05
+2.7240000E+00	-3.9020691E-04	+6.9109364E-05
+2.7250000E+00	-3.8916476E-04	+6.9219221E-05
+2.7260000E+00	-3.8812875E-04	+6.9327510E-05
+2.7270000E+00	-3.8709884E-04	+6.9434253E-05
+2.7280000E+00	-3.8607496E-04	+6.9539475E-05
+2.7290000E+00	-3.8505708E-04	+6.9643197E-05
+2.7300000E+00	-3.8404513E-04	+6.9745442E-05
+2.7310000E+00	-3.8303907E-04	+6.9846231E-05
+2.7320000E+00	-3.8203885E-04	+6.9945587E-05
+2.7330000E+00	-3.8104441E-04	+7.0043529E-05
+2.7340000E+00	-3.8005572E-04	+7.0140079E-05
+2.7350000E+00	-3.7907272E-04	+7.0235257E-05
+2.7360000E+00	-3.7809537E-04	+7.0329083E-05
+2.7370000E+00	-3.7712361E-04	+7.0421577E-05
+2.7380000E+00	-3.7615741E-04	+7.0512758E-05
+2.7390000E+00	-3.7519671E-04	+7.0602645E-05
+2.7400000E+00	-3.7424148E-04	+7.0691256E-05
+2.7410000E+00	-3.7329165E-04	+7.0778612E-05
+2.7420000E+00	-3.7234720E-04	+7.0864728E-05
+2.7430000E+00	-3.7140808E-04	+7.0949624E-05
+2.7440000E+00	-3.7047423E-04	+7.1033316E-05
+2.7450000E+00	-3.6954563E-04	+7.1115822E-05
+2.7460000E+00	-3.6862222E-04	+7.1197159E-05
+2.7470000E+00	-3.6770397E-04	+7.1277344E-05
+2.7480000E+00	-3.6679083E-04	+7.1356392E-05
+2.7490000E+00	-3.6588276E-04	+7.1434321E-05
+2.7500000E+00	-3.6497972E-04	+7.1511146E-05
+2.7510000E+00	-3.6408168E-04	+7.1586882E-05
+2.7520000E+00	-3.6318858E-04	+7.1661545E-05
+2.7530000E+00	-3.6230039E-04	+7.1735150E-05
+2.7540000E+00	-3.6141707E-04	+7.1807712E-05
+2.7550000E+00	-3.6053858E-04	+7.1879246E-05
+2.7560000E+00	-3.5966488E-04	+7.1949766E-05
+2.7570000E+00	-3.5879594E-04	+7.2019286E-05
+2.7580000E+00	-3.5793171E-04	+7.2087820E-05
+2.7590000E+00	-3.5707217E-04	+7.2155383E-05
+2.7600000E+00	-3.5621727E-04	+7.2221986E-05
+2.7610000E+00	-3.5536697E-04	+7.2287645E-05
+2.7620000E+00	-3.5452124E-04	+7.2352371E-05
+2.7630000E+00	-3.5368005E-04	+7.2416178E-05
+2.7640000E+00	-3.5284335E-04	+7.2479079E-05
+2.7650000E+00	-3.5201112E-04	+7.2541085E-05
+2.7660000E+00	-3.5118331E-04	+7.2602210E-05
+2.7670000E+00	-3.5035990E-04	+7.2662465E-05
+2.7680000E+00	-3.4954084E-04	+7.2721863E-05
+2.7690000E+00	-3.4872612E-04	+7.2780415E-05
+2.7700000E+00	-3.4791568E-04	+7.2838132E-05
+2.7710000E+00	-3.4710951E-04	+7.2895027E-05
+2.7720000E+00	-3.4630756E-04	+7.2951110E-05
+2.7730000E+00	-3.4550980E-04	+7.3006392E-05
+2.7740000E+00	-3.4471621E-04	+7.3060884E-05
+2.7750000E+00	-3.4392674E-04	+7.3114597E-05
+2.7760000E+00	-3.4314138E-04	+7.3167542E-05
+2.7770000E+00	-3.4236008E-04	+7.3219729E-05
+2.7780000E+00	-3.4158281E-04	+7.3271167E-05
+2.7790000E+00	-3.4080956E-04	+7.3321868E-05
+2.7800000E+00	-3.4004027E-04	+7.3371841E-05
+2.7810000E+00	-3.3927494E-04	+7.3421096E-05
+2.7820000E+00	-3.3851352E-04	+7.3469642E-05
+2.7830000E+00	-3.3775598E-04	+7.3517490E-05
+2.7840000E+00	-3.3700230E-04	+7.3564647E-05
+2.7850000E+00	-3.3625245E-04	+7.3611125E-05
+2.7860000E+00	-3.3550640E-04	+7.3656931E-05
+2.7870000E+00	-3.3476412E-04	+7.3702074E-05
+2.7880000E+00	-3.3402559E-04	+7.3746564E-05
+2.7890000E+00	-3.3329077E-04	+7.3790409E-05
+2.7900000E+00	-3.3255964E-04	+7.3833618E-05
+2.7910000E+00	-3.3183217E-04	+7.3876199E-05
+2.7920000E+00	-3.3110833E-04	+7.3918160E-05
+2.7930000E+00	-3.3038810E-04	+7.3959510E-05
+2.7940000E+00	-3.2967145E-04	+7.4000256E-05
+2.7950000E+00	-3.2895836E-04	+7.4040407E-05
+2.7960000E+00	-3.2824879E-04	+7.4079970E-05
+2.7970000E+00	-3.2754273E-04	+7.4118954E-05
+2.7980000E+00	-3.2684014E-04	+7.4157365E-05
+2.7990000E+00	-3.2614101E-04	+7.4195211E-05
+2.8000000E+00	-3.2544530E-04	+7.4232500E-05
+2.8010000E+00	-3.2475300E-04	+7.4269239E-05
+2.8020000E+00	-3.2406408E-04	+7.4305434E-05
+2.8030000E+00	-3.2337850E-04	+7.4341094E-05
+2.8040000E+00	-3.2269626E-04	+7.4376226E-05
+2.8050000E+00	-3.2201733E-04	+7.4410835E-05
+2.8060000E+00	-3.2134167E-04	+7.4444928E-05
+2.8070000E+00	-3.2066928E-04	+7.4478514E-05
+2.8080000E+00	-3.2000012E-04	+7.4511597E-05
+2.8090000E+00	-3.1933417E-04	+7.4544185E-05
+2.8100000E+00	-3.1867141E-04	+7.4576284E-05
+2.8110000E+00	-3.1801182E-04	+7.4607900E-05
+2.8120000E+00	-3.1735538E-04	+7.4639040E-05
+2.8130000E+00	-3.1670205E-04	+7.4669709E-05
+2.8140000E+00	-3.1605183E-04	+7.4699914E-05
+2.8150000E+00	-3.1540469E-04	+7.4729660E-05
+2.8160000E+00	-3.1476061E-04	+7.4758954E-05
+2.8170000E+00	-3.1411956E-04	+7.4787801E-05
+2.8180000E+00	-3.1348153E-04	+7.4816208E-05
+2.8190000E+00	-3.1284649E-04	+7.4844179E-05
+2.8200000E+00	-3.1221443E-04	+7.4871720E-05
+2.8210000E+00	-3.1158531E-04	+7.4898837E-05
+2.8220000E+00	-3.1095913E-04	+7.4925535E-05
+2.8230000E+00	-3.1033587E-04	+7.4951820E-05
+2.8240000E+00	-3.0971549E-04	+7.4977696E-05
+2.8250000E+00	-3.0909799E-04	+7.5003170E-05
+2.8260000E+00	-3.0848334E-04	+7.5028245E-05
+2.8270000E+00	-3.0787153E-04	+7.5052928E-05
+2.8280000E+00	-3.0726253E-04	+7.5077223E-05
+2.8290000E+00	-3.0665632E-04	+7.5101134E-05
+2.8300000E+00	-3.0605289E-04	+7.5124668E-05
+2.8310000E+00	-3.0545222E-04	+7.5147828E-05
+2.8320000E+00	-3.0485428E-04	+7.5170620E-05
+2.8330000E+00	-3.0425907E-04	+7.5193048E-05
+2.8340000E+00	-3.0366655E-04	+7.5215116E-05
+2.8350000E+00	-3.0307672E-04	+7.5236829E-05
+2.8360000E+00	-3.0248956E-04	+7.5258192E-05
+2.8370000E+00	-3.0190504E-04	+7.5279209E-05
+2.8380000E+00	-3.0132316E-04	+7.5299885E-05
+2.8390000E+00	-3.0074388E-04	+7.5320223E-05
+2.8400000E+00	-3.0016720E-04	+7.5340228E-05
+2.8410000E+00	-2.9959310E-04	+7.5359904E-05
+2.8420000E+00	-2.9902156E-04	+7.5379256E-05
+2.8430000E+00	-2.9845257E-04	+7.5398286E-05
+2.8440000E+00	-2.9788610E-04	+7.5417000E-05
+2.8450000E+00	-2.9732214E-04	+7.5435401E-05
+2.8460000E+00	-2.9676068E-04	+7.5453494E-05
+2.8470000E+00	-2.9620169E-04	+7.5471281E-05
+2.8480000E+00	-2.9564517E-04	+7.5488767E-05
+2.8490000E+00	-2.9509109E-04	+7.5505956E-05
+2.8500000E+00	-2.9453944E-04	+7.5522851E-05
+2.8510000E+00	-2.9399021E-04	+7.5539456E-05
+2.8520000E+00	-2.9344337E-04	+7.5555775E-05
+2.8530000E+00	-2.9289891E-04	+7.5571811E-05
+2.8540000E+00	-2.9235683E-04	+7.5587568E-05
+2.8550000E+00	-2.9181709E-04	+7.5603048E-05
+2.8560000E+00	-2.9127969E-04	+7.5618256E-05
+2.8570000E+00	-2.9074462E-04	+7.5633196E-05
+2.8580000E+00	-2.9021185E-04	+7.5647869E-05
+2.8590000E+00	-2.8968137E-04	+7.5662280E-05
+2.8600000E+00	-2.8915317E-04	+7.5676432E-05
+2.8610000E+00	-2.8862723E-04	+7.5690328E-05
+2.8620000E+00	-2.8810354E-04	+7.5703971E-05
+2.8630000E+00	-2.8758209E-04	+7.5717364E-05
+2.8640000E+00	-2.8706285E-04	+7.5730511E-05
+2.8650000E+00	-2.8654582E-04	+7.5743415E-05
+2.8660000E+00	-2.8603099E-04	+7.5756078E-05
+2.8670000E+00	-2.8551833E-04	+7.5768503E-05
+2.8680000E+00	-2.8500784E-04	+7.5780694E-05
+2.8690000E+00	-2.8449950E-04	+7.5792653E-05
+2.8700000E+00	-2.8399329E-04	+7.5804383E-05
+2.8710000E+00	-2.8348921E-04	+7.5815888E-05
+2.8720000E+00	-2.8298724E-04	+7.5827169E-05
+2.8730000E+00	-2.8248737E-04	+7.5838230E-05
+2.8740000E+00	-2.8198959E-04	+7.5849073E-05
+2.8750000E+00	-2.8149387E-04	+7.5859700E-05
+2.8760000E+00	-2.8100022E-04	+7.5870116E-05
+2.8770000E+00	-2.8050861E-04	+7.5880322E-05
+2.8780000E+00	-2.8001904E-04	+7.5890320E-05
+2.8790000E+00	-2.7953149E-04	+7.5900114E-05
+2.8800000E+00	-2.7904594E-04	+7.5909706E-05
+2.8810000E+00	-2.7856240E-04	+7.5919098E-05
+2.8820000E+00	-2.7808083E-04	+7.5928293E-05
+2.8830000E+00	-2.7760124E-04	+7.5937293E-05
+2.8840000E+00	-2.7712361E-04	+7.5946101E-05
+2.8850000E+00	-2.7664793E-04	+7.5954719E-05
+2.8860000E+00	-2.7617419E-04	+7.5963149E-05
+2.8870000E+00	-2.7570237E-04	+7.5971394E-05
+2.8880000E+00	-2.7523246E-04	+7.5979456E-05
+2.8890000E+00	-2.7476446E-04	+7.5987337E-05
+2.8900000E+00	-2.7429834E-04	+7.5995040E-05
+2.8910000E+00	-2.7383411E-04	+7.6002566E-05
+2.8920000E+00	-2.7337174E-04	+7.6009918E-05
+2.8930000E+00	-2.7291123E-04	+7.6017098E-05
+2.8940000E+00	-2.7245256E-04	+7.6024108E-05
+2.8950000E+00	-2.7199573E-04	+7.6030950E-05
+2.8960000E+00	-2.7154072E-04	+7.6037627E-05
+2.8970000E+00	-2.7108753E-04	+7.6044139E-05
+2.8980000E+00	-2.7063613E-04	+7.6050490E-05
+2.8990000E+00	-2.7018653E-04	+7.6056682E-05
+2.9000000E+00	-2.6973871E-04	+7.6062715E-05
+2.9010000E+00	-2.6929266E-04	+7.6068593E-05
+2.9020000E+00	-2.6884836E-04	+7.6074317E-05
+2.9030000E+00	-2.6840582E-04	+7.6079888E-05
+2.9040000E+00	-2.6796502E-04	+7.6085310E-05
+2.9050000E+00	-2.6752594E-04	+7.6090583E-05
+2.9060000E+00	-2.6708859E-04	+7.6095710E-05
+2.9070000E+00	-2.6665294E-04	+7.6100693E-05
+2.9080000E+00	-2.6621899E-04	+7.6105532E-05
+2.9090000E+00	-2.6578673E-04	+7.6110231E-05
+2.9100000E+00	-2.6535615E-04	+7.6114790E-05
+2.9110000E+00	-2.6492724E-04	+7.6119211E-05
+2.9120000E+00	-2.6449999E-04	+7.6123497E-05
+2.9130000E+00	-2.6407439E-04	+7.6127648E-05
+2.9140000E+00	-2.6365043E-04	+7.6131667E-05
+2.9150000E+00	-2.6322810E-04	+7.6135555E-05
+2.9160000E+00	-2.6280739E-04	+7.6139313E-05
+2.9170000E+00	-2.6238829E-04	+7.6142944E-05
+2.9180000E+00	-2.6197080E-04	+7.6146449E-05
+2.9190000E+00	-2.6155491E-04	+7.6149829E-05
+2.9200000E+00	-2.6114060E-04	+7.6153086E-05
+2.9210000E+00	-2.6072786E-04	+7.6156221E-05
+2.9220000E+00	-2.6031669E-04	+7.6159237E-05
+2.9230000E+00	-2.5990708E-04	+7.6162134E-05
+2.9240000E+00	-2.5949902E-04	+7.6164914E-05
+2.9250000E+00	-2.5909250E-04	+7.6167579E-05
+2.9260000E+00	-2.5868751E-04	+7.6170129E-05
+2.9270000E+00	-2.5828405E-04	+7.6172567E-05
+2.9280000E+00	-2.5788210E-04	+7.6174893E-05
+2.9290000E+00	-2.5748166E-04	+7.6177110E-05
+2.9300000E+00	-2.5708272E-04	+7.6179218E-05
+2.9310000E+00	-2.5668526E-04	+7.6181219E-05
+2.9320000E+00	-2.5628929E-04	+7.6183114E-05
+2.9330000E+00	-2.5589479E-04	+7.6184905E-05
+2.9340000E+00	-2.5550175E-04	+7.6186592E-05
+2.9350000E+00	-2.5511017E-04	+7.6188177E-05
+2.9360000E+00	-2.5472004E-04	+7.6189662E-05
+2.9370000E+00	-2.5433136E-04	+7.6191048E-05
+2.9380000E+00	-2.5394410E-04	+7.6192335E-05
+2.9390000E+00	-2.5355827E-04	+7.6193526E-05
+2.9400000E+00	-2.5317386E-04	+7.6194621E-05
+2.9410000E+00	-2.5279085E-04	+7.6195621E-05
+2.9420000E+00	-2.5240925E-04	+7.6196528E-05
+2.9430000E+00	-2.5202904E-04	+7.6197343E-05
+2.9440000E+00	-2.5165022E-04	+7.6198068E-05
+2.9450000E+00	-2.5127277E-04	+7.6198702E-05
+2.9460000E+00	-2.5089670E-04	+7.6199248E-05
+2.9470000E+00	-2.5052199E-04	+7.6199706E-05
+2.9480000E+00	-2.5014864E-04	+7.6200078E-05
+2.9490000E+00	-2.4977664E-04	+7.6200365E-05
+2.9500000E+00	-2.4940598E-04	+7.6200568E-05
+2.9510000E+00	-2.4903665E-04	+7.6200687E-05
+2.9520000E+00	-2.4866865E-04	+7.6200725E-05
+2.9530000E+00	-2.4830197E-04	+7.6200681E-05
+2.9540000E+00	-2.4793661E-04	+7.6200558E-05
+2.9550000E+00	-2.4757255E-04	+7.6200355E-05
+2.9560000E+00	-2.4720979E-04	+7.6200075E-05
+2.9570000E+00	-2.4684832E-04	+7.6199718E-05
+2.9580000E+00	-2.4648814E-04	+7.6199285E-05
+2.9590000E+00	-2.4612923E-04	+7.6198777E-05
+2.9600000E+00	-2.4577160E-04	+7.6198195E-05
+2.9610000E+00	-2.4541523E-04	+7.6197539E-05
+2.9620000E+00	-2.4506013E-04	+7.6196812E-05
+2.9630000E+00	-2.4470627E-04	+7.6196014E-05
+2.9640000E+00	-2.4435366E-04	+7.6195146E-05
+2.9650000E+00	-2.4400228E-04	+7.6194208E-05
+2.9660000E+00	-2.4365214E-04	+7.6193202E-05
+2.9670000E+00	-2.4330323E-04	+7.6192128E-05
+2.9680000E+00	-2.4295553E-04	+7.6190988E-05
+2.9690000E+00	-2.4260905E-04	+7.6189782E-05
+2.9700000E+00	-2.4226377E-04	+7.6188512E-05
+2.9710000E+00	-2.4191969E-04	+7.6187177E-05
+2.9720000E+00	-2.4157681E-04	+7.6185779E-05
+2.9730000E+00	-2.4123511E-04	+7.6184319E-05
+2.9740000E+00	-2.4089460E-04	+7.6182797E-05
+2.9750000E+00	-2.4055526E-04	+7.6181215E-05
+2.9760000E+00	-2.4021709E-04	+7.6179573E-05
+2.9770000E+00	-2.3988009E-04	+7.6177872E-05
+2.9780000E+00	-2.3954424E-04	+7.6176112E-05
+2.9790000E+00	-2.3920954E-04	+7.6174295E-05
+2.9800000E+00	-2.3887599E-04	+7.6172422E-05
+2.9810000E+00	-2.3854358E-04	+7.6170492E-05
+2.9820000E+00	-2.3821230E-04	+7.6168507E-05
+2.9830000E+00	-2.3788215E-04	+7.6166468E-05
+2.9840000E+00	-2.3755312E-04	+7.6164375E-05
+2.9850000E+00	-2.3722521E-04	+7.6162229E-05
+2.9860000E+00	-2.3689841E-04	+7.6160031E-05
+2.9870000E+00	-2.3657271E-04	+7.6157781E-05
+2.9880000E+00	-2.3624812E-04	+7.6155481E-05
+2.9890000E+00	-2.3592462E-04	+7.6153130E-05
+2.9900000E+00	-2.3560220E-04	+7.6150730E-05
+2.9910000E+00	-2.3528087E-04	+7.6148281E-05
+2.9920000E+00	-2.3496062E-04	+7.6145784E-05
+2.9930000E+00	-2.3464144E-04	+7.6143240E-05
+2.9940000E+00	-2.3432333E-04	+7.6140649E-05
+2.9950000E+00	-2.3400628E-04	+7.6138011E-05
+2.9960000E+00	-2.3369028E-04	+7.6135329E-05
+2.9970000E+00	-2.3337534E-04	+7.6132601E-05
+2.9980000E+00	-2.3306144E-04	+7.6129830E-05
+2.9990000E+00	-2.3274858E-04	+7.6127015E-05
+3.0000000E+00	-2.3243675E-04	+7.6124156E-05
