+2.0000000E+00	+2.5280108E-04	-1.4908405E-05
+2.0010000E+00	+2.5343979E-04	-1.5246122E-05
+2.0020000E+00	+2.5408163E-04	-1.5585642E-05
+2.0030000E+00	+2.5472659E-04	-1.5926980E-05
+2.0040000E+00	+2.5537472E-04	-1.6270151E-05
+2.0050000E+00	+2.5602603E-04	-1.6615173E-05
+2.0060000E+00	+2.5668053E-04	-1.6962062E-05
+2.0070000E+00	+2.5733826E-04	-1.7310833E-05
+2.0080000E+00	+2.5799924E-04	-1.7661504E-05
+2.0090000E+00	+2.5866349E-04	-1.8014092E-05
+2.0100000E+00	+2.5933103E-04	-1.8368613E-05
+2.0110000E+00	+2.6000188E-04	-1.8725086E-05
+2.0120000E+00	+2.6067607E-04	-1.9083527E-05
+2.0130000E+00	+2.6135362E-04	-1.9443954E-05
+2.0140000E+00	+2.6203456E-04	-1.9806385E-05
+2.0150000E+00	+2.6271890E-04	-2.0170839E-05
+2.0160000E+00	+2.6340668E-04	-2.0537333E-05
+2.0170000E+00	+2.6409792E-04	-2.0905886E-05
+2.0180000E+00	+2.6479264E-04	-2.1276516E-05
+2.0190000E+00	+2.6549087E-04	-2.1649244E-05
+2.0200000E+00	+2.6619263E-04	-2.2024087E-05
+2.0210000E+00	+2.6689794E-04	-2.2401065E-05
+2.0220000E+00	+2.6760684E-04	-2.2780199E-05
+2.0230000E+00	+2.6831935E-04	-2.3161507E-05
+2.0240000E+00	+2.6903550E-04	-2.3545010E-05
+2.0250000E+00	+2.6975530E-04	-2.3930728E-05
+2.0260000E+00	+2.7047879E-04	-2.4318682E-05
+2.0270000E+00	+2.7120600E-04	-2.4708893E-05
+2.0280000E+00	+2.7193695E-04	-2.5101382E-05
+2.0290000E+00	+2.7267167E-04	-2.5496169E-05
+2.0300000E+00	+2.7341018E-04	-2.5893277E-05
+2.0310000E+00	+2.7415252E-04	-2.6292728E-05
+2.0320000E+00	+2.7489871E-04	-2.6694544E-05
+2.0330000E+00	+2.7564879E-04	-2.7098746E-05
+2.0340000E+00	+2.7640277E-04	-2.7505359E-05
+2.0350000E+00	+2.7716069E-04	-2.7914404E-05
+2.0360000E+00	+2.7792258E-04	-2.8325905E-05
+2.0370000E+00	+2.7868846E-04	-2.8739885E-05
+2.0380000E+00	+2.7945838E-04	-2.9156369E-05
+2.0390000E+00	+2.8023235E-04	-2.9575379E-05
+2.0400000E+00	+2.8101041E-04	-2.9996942E-05
+2.0410000E+00	+2.8179259E-04	-3.0421081E-05
+2.0420000E+00	+2.8257892E-04	-3.0847821E-05
+2.0430000E+00	+2.8336942E-04	-3.1277189E-05
+2.0440000E+00	+2.8416415E-04	-3.1709208E-05
+2.0450000E+00	+2.8496311E-04	-3.2143906E-05
+2.0460000E+00	+2.8576635E-04	-3.2581308E-05
+2.0470000E+00	+2.8657391E-04	-3.3021442E-05
+2.0480000E+00	+2.8738580E-04	-3.3464334E-05
+2.0490000E+00	+2.8820207E-04	-3.3910011E-05
+2.0500000E+00	+2.8902275E-04	-3.4358502E-05
+2.0510000E+00	+2.8984788E-04	-3.4809834E-05
+2.0520000E+00	+2.9067748E-04	-3.5264035E-05
+2.0530000E+00	+2.9151159E-04	-3.5721134E-05
+2.0540000E+00	+2.9235025E-04	-3.6181161E-05
+2.0550000E+00	+2.9319350E-04	-3.6644144E-05
+2.0560000E+00	+2.9404136E-04	-3.7110115E-05
+2.0570000E+00	+2.9489388E-04	-3.7579102E-05
+2.0580000E+00	+2.9575109E-04	-3.8051136E-05
+2.0590000E+00	+2.9661302E-04	-3.8526249E-05
+2.0600000E+00	+2.9747972E-04	-3.9004472E-05
+2.0610000E+00	+2.9835123E-04	-3.9485837E-05
+2.0620000E+00	+2.9922757E-04	-3.9970376E-05
+2.0630000E+00	+3.0010880E-04	-4.0458122E-05
+2.0640000E+00	+3.0099494E-04	-4.0949107E-05
+2.0650000E+00	+3.0188604E-04	-4.1443367E-05
+2.0660000E+00	+3.0278213E-04	-4.1940934E-05
+2.0670000E+00	+3.0368327E-04	-4.2441842E-05
+2.0680000E+00	+3.0458948E-04	-4.2946128E-05
+2.0690000E+00	+3.0550080E-04	-4.3453826E-05
+2.0700000E+00	+3.0641729E-04	-4.3964973E-05
+2.0710000E+00	+3.0733898E-04	-4.4479604E-05
+2.0720000E+00	+3.0826591E-04	-4.4997756E-05
+2.0730000E+00	+3.0919813E-04	-4.5519468E-05
+2.0740000E+00	+3.1013568E-04	-4.6044776E-05
+2.0750000E+00	+3.1107860E-04	-4.6573719E-05
+2.0760000E+00	+3.1202694E-04	-4.7106337E-05
+2.0770000E+00	+3.1298074E-04	-4.7642667E-05
+2.0780000E+00	+3.1394004E-04	-4.8182752E-05
+2.0790000E+00	+3.1490490E-04	-4.8726630E-05
+2.0800000E+00	+3.1587535E-04	-4.9274344E-05
+2.0810000E+00	+3.1685145E-04	-4.9825935E-05
+2.0820000E+00	+3.1783324E-04	-5.0381445E-05
+2.0830000E+00	+3.1882077E-04	-5.0940917E-05
+2.0840000E+00	+3.1981409E-04	-5.1504394E-05
+2.0850000E+00	+3.2081324E-04	-5.2071921E-05
+2.0860000E+00	+3.2181827E-04	-5.2643543E-05
+2.0870000E+00	+3.2282924E-04	-5.3219304E-05
+2.0880000E+00	+3.2384620E-04	-5.3799251E-05
+2.0890000E+00	+3.2486918E-04	-5.4383430E-05
+2.0900000E+00	+3.2589826E-04	-5.4971889E-05
+2.0910000E+00	+3.2693347E-04	-5.5564676E-05
+2.0920000E+00	+3.2797487E-04	-5.6161839E-05
+2.0930000E+00	+3.2902251E-04	-5.6763427E-05
+2.0940000E+00	+3.3007645E-04	-5.7369492E-05
+2.0950000E+00	+3.3113675E-04	-5.7980083E-05
+2.0960000E+00	+3.3220344E-04	-5.8595252E-05
+2.0970000E+00	+3.3327660E-04	-5.9215052E-05
+2.0980000E+00	+3.3435628E-04	-5.9839536E-05
+2.0990000E+00	+3.3544252E-04	-6.0468757E-05
+2.1000000E+00	+3.3653540E-04	-6.1102771E-05
+2.1010000E+00	+3.3763497E-04	-6.1741632E-05
+2.1020000E+00	+3.3874129E-04	-6.2385397E-05
+2.1030000E+00	+3.3985441E-04	-6.3034124E-05
+2.1040000E+00	+3.4097440E-04	-6.3687870E-05
+2.1050000E+00	+3.4210132E-04	-6.4346694E-05
+2.1060000E+00	+3.4323522E-04	-6.5010656E-05
+2.1070000E+00	+3.4437618E-04	-6.5679816E-05
+2.1080000E+00	+3.4552424E-04	-6.6354237E-05
+2.1090000E+00	+3.4667949E-04	-6.7033981E-05
+2.1100000E+00	+3.4784197E-04	-6.7719110E-05
+2.1110000E+00	+3.4901177E-04	-6.8409690E-05
+2.1120000E+00	+3.5018893E-04	-6.9105787E-05
+2.1130000E+00	+3.5137353E-04	-6.9807466E-05
+2.1140000E+00	+3.5256564E-04	-7.0514794E-05
+2.1150000E+00	+3.5376531E-04	-7.1227842E-05
+2.1160000E+00	+3.5497264E-04	-7.1946677E-05
+2.1170000E+00	+3.5618767E-04	-7.2671372E-05
+2.1180000E+00	+3.5741048E-04	-7.3401997E-05
+2.1190000E+00	+3.5864115E-04	-7.4138625E-05
+2.1200000E+00	+3.5987974E-04	-7.4881332E-05
+2.1210000E+00	+3.6112633E-04	-7.5630191E-05
+2.1220000E+00	+3.6238099E-04	-7.6385279E-05
+2.1230000E+00	+3.6364380E-04	-7.7146674E-05
+2.1240000E+00	+3.6491483E-04	-7.7914455E-05
+2.1250000E+00	+3.6619416E-04	-7.8688702E-05
+2.1260000E+00	+3.6748187E-04	-7.9469496E-05
+2.1270000E+00	+3.6877803E-04	-8.0256920E-05
+2.1280000E+00	+3.7008272E-04	-8.1051059E-05
+2.1290000E+00	+3.7139603E-04	-8.1851997E-05
+2.1300000E+00	+3.7271803E-04	-8.2659822E-05
+2.1310000E+00	+3.7404881E-04	-8.3474622E-05
+2.1320000E+00	+3.7538844E-04	-8.4296486E-05
+2.1330000E+00	+3.7673703E-04	-8.5125506E-05
+2.1340000E+00	+3.7809464E-04	-8.5961775E-05
+2.1350000E+00	+3.7946137E-04	-8.6805386E-05
+2.1360000E+00	+3.8083730E-04	-8.7656436E-05
+2.1370000E+00	+3.8222252E-04	-8.8515021E-05
+2.1380000E+00	+3.8361712E-04	-8.9381242E-05
+2.1390000E+00	+3.8502119E-04	-9.0255199E-05
+2.1400000E+00	+3.8643483E-04	-9.1136994E-05
+2.1410000E+00	+3.8785812E-04	-9.2026731E-05
+2.1420000E+00	+3.8929115E-04	-9.2924516E-05
+2.1430000E+00	+3.9073404E-04	-9.3830457E-05
+2.1440000E+00	+3.9218686E-04	-9.4744664E-05
+2.1450000E+00	+3.9364972E-04	-9.5667248E-05
+2.1460000E+00	+3.9512272E-04	-9.6598323E-05
+2.1470000E+00	+3.9660595E-04	-9.7538003E-05
+2.1480000E+00	+3.9809952E-04	-9.8486407E-05
+2.1490000E+00	+3.9960353E-04	-9.9443652E-05
+2.1500000E+00	+4.0111808E-04	-1.0040986E-04
+2.1510000E+00	+4.0264328E-04	-1.0138516E-04
+2.1520000E+00	+4.0417924E-04	-1.0236967E-04
+2.1530000E+00	+4.0572605E-04	-1.0336352E-04
+2.1540000E+00	+4.0728384E-04	-1.0436685E-04
+2.1550000E+00	+4.0885270E-04	-1.0537978E-04
+2.1560000E+00	+4.1043276E-04	-1.0640244E-04
+2.1570000E+00	+4.1202413E-04	-1.0743499E-04
+2.1580000E+00	+4.1362691E-04	-1.0847755E-04
+2.1590000E+00	+4.1524123E-04	-1.0953027E-04
+2.1600000E+00	+4.1686720E-04	-1.1059330E-04
+2.1610000E+00	+4.1850495E-04	-1.1166677E-04
+2.1620000E+00	+4.2015459E-04	-1.1275085E-04
+2.1630000E+00	+4.2181624E-04	-1.1384569E-04
+2.1640000E+00	+4.2349003E-04	-1.1495143E-04
+2.1650000E+00	+4.2517608E-04	-1.1606825E-04
+2.1660000E+00	+4.2687452E-04	-1.1719629E-04
+2.1670000E+00	+4.2858548E-04	-1.1833574E-04
+2.1680000E+00	+4.3030909E-04	-1.1948675E-04
+2.1690000E+00	+4.3204548E-04	-1.2064949E-04
+2.1700000E+00	+4.3379478E-04	-1.2182414E-04
+2.1710000E+00	+4.3555713E-04	-1.2301088E-04
+2.1720000E+00	+4.3733267E-04	-1.2420989E-04
+2.1730000E+00	+4.3912152E-04	-1.2542135E-04
+2.1740000E+00	+4.4092384E-04	-1.2664545E-04
+2.1750000E+00	+4.4273977E-04	-1.2788239E-04
+2.1760000E+00	+4.4456944E-04	-1.2913235E-04
+2.1770000E+00	+4.4641302E-04	-1.3039553E-04
+2.1780000E+00	+4.4827063E-04	-1.3167215E-04
+2.1790000E+00	+4.5014244E-04	-1.3296240E-04
+2.1800000E+00	+4.5202859E-04	-1.3426650E-04
+2.1810000E+00	+4.5392924E-04	-1.3558466E-04
+2.1820000E+00	+4.5584454E-04	-1.3691709E-04
+2.1830000E+00	+4.5777465E-04	-1.3826404E-04
+2.1840000E+00	+4.5971973E-04	-1.3962572E-04
+2.1850000E+00	+4.6167995E-04	-1.4100236E-04
+2.1860000E+00	+4.6365546E-04	-1.4239420E-04
+2.1870000E+00	+4.6564643E-04	-1.4380149E-04
+2.1880000E+00	+4.6765303E-04	-1.4522447E-04
+2.1890000E+00	+4.6967543E-04	-1.4666339E-04
+2.1900000E+00	+4.7171381E-04	-1.4811852E-04
+2.1910000E+00	+4.7376833E-04	-1.4959010E-04
+2.1920000E+00	+4.7583917E-04	-1.5107842E-04
+2.1930000E+00	+4.7792652E-04	-1.5258374E-04
+2.1940000E+00	+4.8003055E-04	-1.5410635E-04
+2.1950000E+00	+4.8215145E-04	-1.5564652E-04
+2.1960000E+00	+4.8428940E-04	-1.5720455E-04
+2.1970000E+00	+4.8644459E-04	-1.5878074E-04
+2.1980000E+00	+4.8861722E-04	-1.6037538E-04
+2.1990000E+00	+4.9080748E-04	-1.6198879E-04
+2.2000000E+00	+4.9301556E-04	-1.6362129E-04
+2.2010000E+00	+4.9524166E-04	-1.6527320E-04
+2.2020000E+00	+4.9748598E-04	-1.6694484E-04
+2.2030000E+00	+4.9974873E-04	-1.6863655E-04
+2.2040000E+00	+5.0203011E-04	-1.7034868E-04
+2.2050000E+00	+5.0433033E-04	-1.7208158E-04
+2.2060000E+00	+5.0664961E-04	-1.7383561E-04
+2.2070000E+00	+5.0898815E-04	-1.7561114E-04
+2.2080000E+00	+5.1134618E-04	-1.7740854E-04
+2.2090000E+00	+5.1372390E-04	-1.7922819E-04
+2.2100000E+00	+5.1612156E-04	-1.8107049E-04
+2.2110000E+00	+5.1853936E-04	-1.8293583E-04
+2.2120000E+00	+5.2097754E-04	-1.8482464E-04
+2.2130000E+00	+5.2343633E-04	-1.8673731E-04
+2.2140000E+00	+5.2591596E-04	-1.8867430E-04
+2.2150000E+00	+5.2841667E-04	-1.9063602E-04
+2.2160000E+00	+5.3093869E-04	-1.9262293E-04
+2.2170000E+00	+5.3348228E-04	-1.9463550E-04
+2.2180000E+00	+5.3604767E-04	-1.9667418E-04
+2.2190000E+00	+5.3863511E-04	-1.9873945E-04
+2.2200000E+00	+5.4124485E-04	-2.0083182E-04
+2.2210000E+00	+5.4387716E-04	-2.0295177E-04
+2.2220000E+00	+5.4653227E-04	-2.0509983E-04
+2.2230000E+00	+5.4921046E-04	-2.0727651E-04
+2.2240000E+00	+5.5191198E-04	-2.0948237E-04
+2.2250000E+00	+5.5463710E-04	-2.1171794E-04
+2.2260000E+00	+5.5738609E-04	-2.1398379E-04
+2.2270000E+00	+5.6015923E-04	-2.1628050E-04
+2.2280000E+00	+5.6295678E-04	-2.1860867E-04
+2.2290000E+00	+5.6577902E-04	-2.2096889E-04
+2.2300000E+00	+5.6862623E-04	-2.2336178E-04
+2.2310000E+00	+5.7149870E-04	-2.2578799E-04
+2.2320000E+00	+5.7439672E-04	-2.2824816E-04
+2.2330000E+00	+5.7732057E-04	-2.3074297E-04
+2.2340000E+00	+5.8027054E-04	-2.3327308E-04
+2.2350000E+00	+5.8324693E-04	-2.3583921E-04
+2.2360000E+00	+5.8625003E-04	-2.3844207E-04
+2.2370000E+00	+5.8928015E-04	-2.4108239E-04
+2.2380000E+00	+5.9233760E-04	-2.4376093E-04
+2.2390000E+00	+5.9542267E-04	-2.4647847E-04
+2.2400000E+00	+5.9853567E-04	-2.4923578E-04
+2.2410000E+00	+6.0167692E-04	-2.5203370E-04
+2.2420000E+00	+6.0484672E-04	-2.5487305E-04
+2.2430000E+00	+6.0804540E-04	-2.5775468E-04
+2.2440000E+00	+6.1127327E-04	-2.6067947E-04
+2.2450000E+00	+6.1453065E-04	-2.6364832E-04
+2.2460000E+00	+6.1781787E-04	-2.6666215E-04
+2.2470000E+00	+6.2113525E-04	-2.6972191E-04
+2.2480000E+00	+6.2448311E-04	-2.7282858E-04
+2.2490000E+00	+6.2786178E-04	-2.7598314E-04
+2.2500000E+00	+6.3127159E-04	-2.7918662E-04
+2.2510000E+00	+6.3471288E-04	-2.8244007E-04
+2.2520000E+00	+6.3818597E-04	-2.8574457E-04
+2.2530000E+00	+6.4169120E-04	-2.8910123E-04
+2.2540000E+00	+6.4522889E-04	-2.9251119E-04
+2.2550000E+00	+6.4879939E-04	-2.9597560E-04
+2.2560000E+00	+6.5240303E-04	-2.9949568E-04
+2.2570000E+00	+6.5604014E-04	-3.0307266E-04
+2.2580000E+00	+6.5971106E-04	-3.0670779E-04
+2.2590000E+00	+6.6341611E-04	-3.1040239E-04
+2.2600000E+00	+6.6715564E-04	-3.1415779E-04
+2.2610000E+00	+6.7092997E-04	-3.1797536E-04
+2.2620000E+00	+6.7473944E-04	-3.2185651E-04
+2.2630000E+00	+6.7858436E-04	-3.2580271E-04
+2.2640000E+00	+6.8246507E-04	-3.2981543E-04
+2.2650000E+00	+6.8638189E-04	-3.3389622E-04
+2.2660000E+00	+6.9033512E-04	-3.3804666E-04
+2.2670000E+00	+6.9432510E-04	-3.4226836E-04
+2.2680000E+00	+6.9835213E-04	-3.4656301E-04
+2.2690000E+00	+7.0241650E-04	-3.5093231E-04
+2.2700000E+00	+7.0651853E-04	-3.5537803E-04
+2.2710000E+00	+7.1065849E-04	-3.5990200E-04
+2.2720000E+00	+7.1483668E-04	-3.6450608E-04
+2.2730000E+00	+7.1905336E-04	-3.6919221E-04
+2.2740000E+00	+7.2330881E-04	-3.7396236E-04
+2.2750000E+00	+7.2760328E-04	-3.7881857E-04
+2.2760000E+00	+7.3193701E-04	-3.8376296E-04
+2.2770000E+00	+7.3631024E-04	-3.8879767E-04
+2.2780000E+00	+7.4072317E-04	-3.9392495E-04
+2.2790000E+00	+7.4517603E-04	-3.9914708E-04
+2.2800000E+00	+7.4966898E-04	-4.0446644E-04
+2.2810000E+00	+7.5420221E-04	-4.0988545E-04
+2.2820000E+00	+7.5877586E-04	-4.1540662E-04
+2.2830000E+00	+7.6339006E-04	-4.2103255E-04
+2.2840000E+00	+7.6804491E-04	-4.2676589E-04
+2.2850000E+00	+7.7274051E-04	-4.3260940E-04
+2.2860000E+00	+7.7747690E-04	-4.3856589E-04
+2.2870000E+00	+7.8225412E-04	-4.4463829E-04
+2.2880000E+00	+7.8707215E-04	-4.5082960E-04
+2.2890000E+00	+7.9193096E-04	-4.5714293E-04
+2.2900000E+00	+7.9683049E-04	-4.6358147E-04
+2.2910000E+00	+8.0177061E-04	-4.7014851E-04
+2.2920000E+00	+8.0675118E-04	-4.7684746E-04
+2.2930000E+00	+8.1177199E-04	-4.8368181E-04
+2.2940000E+00	+8.1683280E-04	-4.9065519E-04
+2.2950000E+00	+8.2193331E-04	-4.9777132E-04
+2.2960000E+00	+8.2707317E-04	-5.0503404E-04
+2.2970000E+00	+8.3225197E-04	-5.1244734E-04
+2.2980000E+00	+8.3746922E-04	-5.2001528E-04
+2.2990000E+00	+8.4272438E-04	-5.2774211E-04
+2.3000000E+00	+8.4801683E-04	-5.3563217E-04
+2.3010000E+00	+8.5334587E-04	-5.4368996E-04
+2.3020000E+00	+8.5871071E-04	-5.5192012E-04
+2.3030000E+00	+8.6411049E-04	-5.6032743E-04
+2.3040000E+00	+8.6954422E-04	-5.6891683E-04
+2.3050000E+00	+8.7501083E-04	-5.7769340E-04
+2.3060000E+00	+8.8050912E-04	-5.8666241E-04
+2.3070000E+00	+8.8603780E-04	-5.9582929E-04
+2.3080000E+00	+8.9159542E-04	-6.0519961E-04
+2.3090000E+00	+8.9718040E-04	-6.1477915E-04
+2.3100000E+00	+9.0279102E-04	-6.2457388E-04
+2.3110000E+00	+9.0842541E-04	-6.3458992E-04
+2.3120000E+00	+9.1408152E-04	-6.4483362E-04
+2.3130000E+00	+9.1975711E-04	-6.5531150E-04
+2.3140000E+00	+9.2544978E-04	-6.6603031E-04
+2.3150000E+00	+9.3115689E-04	-6.7699699E-04
+2.3160000E+00	+9.3687559E-04	-6.8821870E-04
+2.3170000E+00	+9.4260282E-04	-6.9970283E-04
+2.3180000E+00	+9.4833523E-04	-7.1145697E-04
+2.3190000E+00	+9.5406922E-04	-7.2348897E-04
+2.3200000E+00	+9.5980091E-04	-7.3580689E-04
+2.3210000E+00	+9.6552611E-04	-7.4841904E-04
+2.3220000E+00	+9.7124028E-04	-7.6133398E-04
+2.3230000E+00	+9.7693857E-04	-7.7456051E-04
+2.3240000E+00	+9.8261573E-04	-7.8810768E-04
+2.3250000E+00	+9.8826611E-04	-8.0198478E-04
+2.3260000E+00	+9.9388364E-04	-8.1620139E-04
+2.3270000E+00	+9.9946181E-04	-8.3076731E-04
+2.3280000E+00	+1.0049936E-03	-8.4569262E-04
+2.3290000E+00	+1.0104715E-03	-8.6098765E-04
+2.3300000E+00	+1.0158874E-03	-8.7666300E-04
+2.3310000E+00	+1.0212327E-03	-8.9272949E-04
+2.3320000E+00	+1.0264981E-03	-9.0919821E-04
+2.3330000E+00	+1.0316737E-03	-9.2608050E-04
+2.3340000E+00	+1.0367486E-03	-9.4338793E-04
+2.3350000E+00	+1.0417117E-03	-9.6113228E-04
+2.3360000E+00	+1.0465506E-03	-9.7932555E-04
+2.3370000E+00	+1.0512522E-03	-9.9797994E-04
+2.3380000E+00	+1.0558026E-03	-1.0171078E-03
+2.3390000E+00	+1.0601868E-03	-1.0367217E-03
+2.3400000E+00	+1.0643889E-03	-1.0568344E-03
+2.3410000E+00	+1.0683918E-03	-1.0774584E-03
+2.3420000E+00	+1.0721772E-03	-1.0986068E-03
+2.3430000E+00	+1.0757258E-03	-1.1202923E-03
+2.3440000E+00	+1.0790169E-03	-1.1425277E-03
+2.3450000E+00	+1.0820283E-03	-1.1653259E-03
+2.3460000E+00	+1.0847366E-03	-1.1886995E-03
+2.3470000E+00	+1.0871167E-03	-1.2126608E-03
+2.3480000E+00	+1.0891420E-03	-1.2372220E-03
+2.3490000E+00	+1.0907842E-03	-1.2623950E-03
+2.3500000E+00	+1.0920132E-03	-1.2881909E-03
+2.3510000E+00	+1.0927971E-03	-1.3146207E-03
+2.3520000E+00	+1.0931020E-03	-1.3416942E-03
+2.3530000E+00	+1.0928923E-03	-1.3694208E-03
+2.3540000E+00	+1.0921298E-03	-1.3978086E-03
+2.3550000E+00	+1.0907746E-03	-1.4268649E-03
+2.3560000E+00	+1.0887843E-03	-1.4565953E-03
+2.3570000E+00	+1.0861143E-03	-1.4870043E-03
+2.3580000E+00	+1.0827175E-03	-1.5180942E-03
+2.3590000E+00	+1.0785447E-03	-1.5498658E-03
+2.3600000E+00	+1.0735440E-03	-1.5823172E-03
+2.3610000E+00	+1.0676611E-03	-1.6154443E-03
+2.3620000E+00	+1.0608392E-03	-1.6492402E-03
+2.3630000E+00	+1.0530193E-03	-1.6836946E-03
+2.3640000E+00	+1.0441398E-03	-1.7187940E-03
+2.3650000E+00	+1.0341367E-03	-1.7545210E-03
+2.3660000E+00	+1.0229442E-03	-1.7908537E-03
+2.3670000E+00	+1.0104940E-03	-1.8277660E-03
+2.3680000E+00	+9.9671631E-04	-1.8652263E-03
+2.3690000E+00	+9.8153961E-04	-1.9031977E-03
+2.3700000E+00	+9.6489112E-04	-1.9416375E-03
+2.3710000E+00	+9.4669714E-04	-1.9804963E-03
+2.3720000E+00	+9.2688354E-04	-2.0197181E-03
+2.3730000E+00	+9.0537617E-04	-2.0592395E-03
+2.3740000E+00	+8.8210153E-04	-2.0989894E-03
+2.3750000E+00	+8.5698740E-04	-2.1388886E-03
+2.3760000E+00	+8.2996361E-04	-2.1788495E-03
+2.3770000E+00	+8.0096287E-04	-2.2187756E-03
+2.3780000E+00	+7.6992169E-04	-2.2585617E-03
+2.3790000E+00	+7.3678142E-04	-2.2980933E-03
+2.3800000E+00	+7.0148931E-04	-2.3372467E-03
+2.3810000E+00	+6.6399969E-04	-2.3758892E-03
+2.3820000E+00	+6.2427520E-04	-2.4138793E-03
+2.3830000E+00	+5.8228805E-04	-2.4510668E-03
+2.3840000E+00	+5.3802135E-04	-2.4872938E-03
+2.3850000E+00	+4.9147036E-04	-2.5223950E-03
+2.3860000E+00	+4.4264384E-04	-2.5561991E-03
+2.3870000E+00	+3.9156525E-04	-2.5885293E-03
+2.3880000E+00	+3.3827389E-04	-2.6192054E-03
+2.3890000E+00	+2.8282595E-04	-2.6480447E-03
+2.3900000E+00	+2.2529534E-04	-2.6748644E-03
+2.3910000E+00	+1.6577437E-04	-2.6994830E-03
+2.3920000E+00	+1.0437415E-04	-2.7217229E-03
+2.3930000E+00	+4.1224735E-05	-2.7414123E-03
+2.3940000E+00	-2.3525059E-05	-2.7583879E-03
+2.3950000E+00	-8.9708154E-05	-2.7724968E-03
+2.3960000E+00	-1.5714008E-04	-2.7835996E-03
+2.3970000E+00	-2.2562021E-04	-2.7915720E-03
+2.3980000E+00	-2.9493335E-04	-2.7963076E-03
+2.3990000E+00	-3.6485165E-04	-2.7977196E-03
+2.4000000E+00	-4.3513687E-04	-2.7957425E-03
+2.4010000E+00	-5.0554292E-04	-2.7903335E-03
+2.4020000E+00	-5.7581857E-04	-2.7814740E-03
+2.4030000E+00	-6.4571042E-04	-2.7691697E-03
+2.4040000E+00	-7.1496584E-04	-2.7534513E-03
+2.4050000E+00	-7.8333605E-04	-2.7343739E-03
+2.4060000E+00	-8.5057906E-04	-2.7120167E-03
+2.4070000E+00	-9.1646256E-04	-2.6864817E-03
+2.4080000E+00	-9.8076649E-04	-2.6578924E-03
+2.4090000E+00	-1.0432855E-03	-2.6263918E-03
+2.4100000E+00	-1.1038309E-03	-2.5921405E-03
+2.4110000E+00	-1.1622326E-03	-2.5553142E-03
+2.4120000E+00	-1.2183401E-03	-2.5161011E-03
+2.4130000E+00	-1.2720239E-03	-2.4746995E-03
+2.4140000E+00	-1.3231753E-03	-2.4313148E-03
+2.4150000E+00	-1.3717076E-03	-2.3861574E-03
+2.4160000E+00	-1.4175548E-03	-2.3394393E-03
+2.4170000E+00	-1.4606718E-03	-2.2913726E-03
+2.4180000E+00	-1.5010334E-03	-2.2421666E-03
+2.4190000E+00	-1.5386330E-03	-2.1920260E-03
+2.4200000E+00	-1.5734815E-03	-2.1411493E-03
+2.4210000E+00	-1.6056061E-03	-2.0897269E-03
+2.4220000E+00	-1.6350482E-03	-2.0379401E-03
+2.4230000E+00	-1.6618622E-03	-1.9859601E-03
+2.4240000E+00	-1.6861140E-03	-1.9339469E-03
+2.4250000E+00	-1.7078788E-03	-1.8820492E-03
+2.4260000E+00	-1.7272401E-03	-1.8304040E-03
+2.4270000E+00	-1.7442880E-03	-1.7791360E-03
+2.4280000E+00	-1.7591177E-03	-1.7283585E-03
+2.4290000E+00	-1.7718281E-03	-1.6781726E-03
+2.4300000E+00	-1.7825208E-03	-1.6286684E-03
+2.4310000E+00	-1.7912989E-03	-1.5799251E-03
+2.4320000E+00	-1.7982658E-03	-1.5320111E-03
+2.4330000E+00	-1.8035248E-03	-1.4849853E-03
+2.4340000E+00	-1.8071778E-03	-1.4388973E-03
+2.4350000E+00	-1.8093252E-03	-1.3937878E-03
+2.4360000E+00	-1.8100648E-03	-1.3496898E-03
+2.4370000E+00	-1.8094918E-03	-1.3066290E-03
+2.4380000E+00	-1.8076984E-03	-1.2646241E-03
+2.4390000E+00	-1.8047730E-03	-1.2236881E-03
+2.4400000E+00	-1.8008008E-03	-1.1838283E-03
+2.4410000E+00	-1.7958630E-03	-1.1450472E-03
+2.4420000E+00	-1.7900371E-03	-1.1073429E-03
+2.4430000E+00	-1.7833967E-03	-1.0707098E-03
+2.4440000E+00	-1.7760113E-03	-1.0351388E-03
+2.4450000E+00	-1.7679469E-03	-1.0006178E-03
+2.4460000E+00	-1.7592654E-03	-9.6713247E-04
+2.4470000E+00	-1.7500253E-03	-9.3466604E-04
+2.4480000E+00	-1.7402813E-03	-9.0320008E-04
+2.4490000E+00	-1.7300846E-03	-8.7271465E-04
+2.4500000E+00	-1.7194832E-03	-8.4318856E-04
+2.4510000E+00	-1.7085218E-03	-8.1459965E-04
+2.4520000E+00	-1.6972421E-03	-7.8692501E-04
+2.4530000E+00	-1.6856828E-03	-7.6014119E-04
+2.4540000E+00	-1.6738799E-03	-7.3422432E-04
+2.4550000E+00	-1.6618669E-03	-7.0915033E-04
+2.4560000E+00	-1.6496745E-03	-6.8489507E-04
+2.4570000E+00	-1.6373313E-03	-6.6143439E-04
+2.4580000E+00	-1.6248637E-03	-6.3874426E-04
+2.4590000E+00	-1.6122960E-03	-6.1680090E-04
+2.4600000E+00	-1.5996506E-03	-5.9558079E-04
+2.4610000E+00	-1.5869480E-03	-5.7506077E-04
+2.4620000E+00	-1.5742071E-03	-5.5521808E-04
+2.4630000E+00	-1.5614451E-03	-5.3603040E-04
+2.4640000E+00	-1.5486780E-03	-5.1747591E-04
+2.4650000E+00	-1.5359201E-03	-4.9953329E-04
+2.4660000E+00	-1.5231846E-03	-4.8218176E-04
+2.4670000E+00	-1.5104835E-03	-4.6540107E-04
+2.4680000E+00	-1.4978277E-03	-4.4917154E-04
+2.4690000E+00	-1.4852271E-03	-4.3347408E-04
+2.4700000E+00	-1.4726906E-03	-4.1829012E-04
+2.4710000E+00	-1.4602262E-03	-4.0360170E-04
+2.4720000E+00	-1.4478411E-03	-3.8939142E-04
+2.4730000E+00	-1.4355419E-03	-3.7564243E-04
+2.4740000E+00	-1.4233344E-03	-3.6233845E-04
+2.4750000E+00	-1.4112237E-03	-3.4946374E-04
+2.4760000E+00	-1.3992144E-03	-3.3700310E-04
+2.4770000E+00	-1.3873105E-03	-3.2494185E-04
+2.4780000E+00	-1.3755156E-03	-3.1326583E-04
+2.4790000E+00	-1.3638326E-03	-3.0196139E-04
+2.4800000E+00	-1.3522644E-03	-2.9101536E-04
+2.4810000E+00	-1.3408130E-03	-2.8041505E-04
+2.4820000E+00	-1.3294805E-03	-2.7014823E-04
+2.4830000E+00	-1.3182684E-03	-2.6020311E-04
+2.4840000E+00	-1.3071780E-03	-2.5056835E-04
+2.4850000E+00	-1.2962102E-03	-2.4123303E-04
+2.4860000E+00	-1.2853659E-03	-2.3218662E-04
+2.4870000E+00	-1.2746456E-03	-2.2341900E-04
+2.4880000E+00	-1.2640495E-03	-2.1492041E-04
+2.4890000E+00	-1.2535778E-03	-2.0668148E-04
+2.4900000E+00	-1.2432305E-03	-1.9869319E-04
+2.4910000E+00	-1.2330074E-03	-1.9094683E-04
+2.4920000E+00	-1.2229080E-03	-1.8343405E-04
+2.4930000E+00	-1.2129320E-03	-1.7614680E-04
+2.4940000E+00	-1.2030787E-03	-1.6907734E-04
+2.4950000E+00	-1.1933474E-03	-1.6221823E-04
+2.4960000E+00	-1.1837374E-03	-1.5556229E-04
+2.4970000E+00	-1.1742478E-03	-1.4910263E-04
+2.4980000E+00	-1.1648776E-03	-1.4283260E-04
+2.4990000E+00	-1.1556258E-03	-1.3674582E-04
+2.5000000E+00	-1.1464913E-03	-1.3083615E-04
+2.5010000E+00	-1.1374730E-03	-1.2509766E-04
+2.5020000E+00	-1.1285698E-03	-1.1952465E-04
+2.5030000E+00	-1.1197803E-03	-1.1411166E-04
+2.5040000E+00	-1.1111034E-03	-1.0885339E-04
+2.5050000E+00	-1.1025378E-03	-1.0374476E-04
+2.5060000E+00	-1.0940821E-03	-9.8780892E-05
+2.5070000E+00	-1.0857350E-03	-9.3957062E-05
+2.5080000E+00	-1.0774953E-03	-8.9268737E-05
+2.5090000E+00	-1.0693615E-03	-8.4711545E-05
+2.5100000E+00	-1.0613322E-03	-8.0281277E-05
+2.5110000E+00	-1.0534061E-03	-7.5973877E-05
+2.5120000E+00	-1.0455818E-03	-7.1785437E-05
+2.5130000E+00	-1.0378579E-03	-6.7712192E-05
+2.5140000E+00	-1.0302330E-03	-6.3750513E-05
+2.5150000E+00	-1.0227058E-03	-5.9896903E-05
+2.5160000E+00	-1.0152748E-03	-5.6147990E-05
+2.5170000E+00	-1.0079387E-03	-5.2500524E-05
+2.5180000E+00	-1.0006961E-03	-4.8951371E-05
+2.5190000E+00	-9.9354559E-04	-4.5497507E-05
+2.5200000E+00	-9.8648590E-04	-4.2136018E-05
+2.5210000E+00	-9.7951564E-04	-3.8864093E-05
+2.5220000E+00	-9.7263349E-04	-3.5679017E-05
+2.5230000E+00	-9.6583812E-04	-3.2578174E-05
+2.5240000E+00	-9.5912822E-04	-2.9559038E-05
+2.5250000E+00	-9.5250250E-04	-2.6619171E-05
+2.5260000E+00	-9.4595966E-04	-2.3756219E-05
+2.5270000E+00	-9.3949845E-04	-2.0967911E-05
+2.5280000E+00	-9.3311760E-04	-1.8252052E-05
+2.5290000E+00	-9.2681588E-04	-1.5606526E-05
+2.5300000E+00	-9.2059206E-04	-1.3029284E-05
+2.5310000E+00	-9.1444493E-04	-1.0518352E-05
+2.5320000E+00	-9.0837330E-04	-8.0718189E-06
+2.5330000E+00	-9.0237599E-04	-5.6878402E-06
+2.5340000E+00	-8.9645185E-04	-3.3646327E-06
+2.5350000E+00	-8.9059972E-04	-1.1004729E-06
+2.5360000E+00	-8.8481847E-04	+1.1063053E-06
+2.5370000E+00	-8.7910700E-04	+3.2573128E-06
+2.5380000E+00	-8.7346421E-04	+5.3541071E-06
+2.5390000E+00	-8.6788901E-04	+7.3981948E-06
+2.5400000E+00	-8.6238034E-04	+9.3910330E-06
+2.5410000E+00	-8.5693716E-04	+1.1334031E-05
+2.5420000E+00	-8.5155843E-04	+1.3228554E-05
+2.5430000E+00	-8.4624313E-04	+1.5075921E-05
+2.5440000E+00	-8.4099026E-04	+1.6877411E-05
+2.5450000E+00	-8.3579884E-04	+1.8634259E-05
+2.5460000E+00	-8.3066789E-04	+2.0347663E-05
+2.5470000E+00	-8.2559647E-04	+2.2018784E-05
+2.5480000E+00	-8.2058363E-04	+2.3648743E-05
+2.5490000E+00	-8.1562844E-04	+2.5238630E-05
+2.5500000E+00	-8.1073000E-04	+2.6789499E-05
+2.5510000E+00	-8.0588741E-04	+2.8302370E-05
+2.5520000E+00	-8.0109979E-04	+2.9778235E-05
+2.5530000E+00	-7.9636626E-04	+3.1218053E-05
+2.5540000E+00	-7.9168598E-04	+3.2622755E-05
+2.5550000E+00	-7.8705810E-04	+3.3993244E-05
+2.5560000E+00	-7.8248181E-04	+3.5330394E-05
+2.5570000E+00	-7.7795627E-04	+3.6635057E-05
+2.5580000E+00	-7.7348070E-04	+3.7908056E-05
+2.5590000E+00	-7.6905431E-04	+3.9150192E-05
+2.5600000E+00	-7.6467631E-04	+4.0362242E-05
+2.5610000E+00	-7.6034595E-04	+4.1544960E-05
+2.5620000E+00	-7.5606248E-04	+4.2699079E-05
+2.5630000E+00	-7.5182515E-04	+4.3825313E-05
+2.5640000E+00	-7.4763324E-04	+4.4924354E-05
+2.5650000E+00	-7.4348604E-04	+4.5996874E-05
+2.5660000E+00	-7.3938284E-04	+4.7043528E-05
+2.5670000E+00	-7.3532294E-04	+4.8064955E-05
+2.5680000E+00	-7.3130567E-04	+4.9061773E-05
+2.5690000E+00	-7.2733035E-04	+5.0034586E-05
+2.5700000E+00	-7.2339632E-04	+5.0983982E-05
+2.5710000E+00	-7.1950294E-04	+5.1910535E-05
+2.5720000E+00	-7.1564956E-04	+5.2814801E-05
+2.5730000E+00	-7.1183555E-04	+5.3697326E-05
+2.5740000E+00	-7.0806030E-04	+5.4558640E-05
+2.5750000E+00	-7.0432319E-04	+5.5399262E-05
+2.5760000E+00	-7.0062363E-04	+5.6219698E-05
+2.5770000E+00	-6.9696102E-04	+5.7020441E-05
+2.5780000E+00	-6.9333479E-04	+5.7801975E-05
+2.5790000E+00	-6.8974437E-04	+5.8564772E-05
+2.5800000E+00	-6.8618918E-04	+5.9309294E-05
+2.5810000E+00	-6.8266869E-04	+6.0035992E-05
+2.5820000E+00	-6.7918235E-04	+6.0745309E-05
+2.5830000E+00	-6.7572962E-04	+6.1437679E-05
+2.5840000E+00	-6.7230999E-04	+6.2113527E-05
+2.5850000E+00	-6.6892293E-04	+6.2773269E-05
+2.5860000E+00	-6.6556794E-04	+6.3417313E-05
+2.5870000E+00	-6.6224453E-04	+6.4046061E-05
+2.5880000E+00	-6.5895221E-04	+6.4659907E-05
+2.5890000E+00	-6.5569050E-04	+6.5259237E-05
+2.5900000E+00	-6.5245893E-04	+6.5844432E-05
+2.5910000E+00	-6.4925705E-04	+6.6415865E-05
+2.5920000E+00	-6.4608439E-04	+6.6973903E-05
+2.5930000E+00	-6.4294053E-04	+6.7518908E-05
+2.5940000E+00	-6.3982503E-04	+6.8051236E-05
+2.5950000E+00	-6.3673746E-04	+6.8571235E-05
+2.5960000E+00	-6.3367742E-04	+6.9079251E-05
+2.5970000E+00	-6.3064451E-04	+6.9575622E-05
+2.5980000E+00	-6.2763832E-04	+7.0060681E-05
+2.5990000E+00	-6.2465848E-04	+7.0534757E-05
+2.6000000E+00	-6.2170460E-04	+7.0998172E-05
+2.6010000E+00	-6.1877634E-04	+7.1451245E-05
+2.6020000E+00	-6.1587333E-04	+7.1894287E-05
+2.6030000E+00	-6.1299522E-04	+7.2327605E-05
+2.6040000E+00	-6.1014169E-04	+7.2751502E-05
+2.6050000E+00	-6.0731240E-04	+7.3166273E-05
+2.6060000E+00	-6.0450704E-04	+7.3572210E-05
+2.6070000E+00	-6.0172530E-04	+7.3969597E-05
+2.6080000E+00	-5.9896690E-04	+7.4358715E-05
+2.6090000E+00	-5.9623153E-04	+7.4739836E-05
+2.6100000E+00	-5.9351893E-04	+7.5113229E-05
+2.6110000E+00	-5.9082882E-04	+7.5479154E-05
+2.6120000E+00	-5.8816096E-04	+7.5837867E-05
+2.6130000E+00	-5.8551508E-04	+7.6189615E-05
+2.6140000E+00	-5.8289094E-04	+7.6534642E-05
+2.6150000E+00	-5.8028833E-04	+7.6873181E-05
+2.6160000E+00	-5.7770700E-04	+7.7205461E-05
+2.6170000E+00	-5.7514675E-04	+7.7531701E-05
+2.6180000E+00	-5.7260738E-04	+7.7852115E-05
+2.6190000E+00	-5.7008867E-04	+7.8166908E-05
+2.6200000E+00	-5.6759044E-04	+7.8476278E-05
+2.6210000E+00	-5.6511250E-04	+7.8780414E-05
+2.6220000E+00	-5.6265468E-04	+7.9079499E-05
+2.6230000E+00	-5.6021680E-04	+7.9373706E-05
+2.6240000E+00	-5.5779869E-04	+7.9663200E-05
+2.6250000E+00	-5.5540020E-04	+7.9948140E-05
+2.6260000E+00	-5.5302116E-04	+8.0228675E-05
+2.6270000E+00	-5.5066143E-04	+8.0504945E-05
+2.6280000E+00	-5.4832086E-04	+8.0777085E-05
+2.6290000E+00	-5.4599929E-04	+8.1045218E-05
+2.6300000E+00	-5.4369661E-04	+8.1309462E-05
+2.6310000E+00	-5.4141265E-04	+8.1569927E-05
+2.6320000E+00	-5.3914730E-04	+8.1826714E-05
+2.6330000E+00	-5.3690041E-04	+8.2079917E-05
+2.6340000E+00	-5.3467186E-04	+8.2329624E-05
+2.6350000E+00	-5.3246151E-04	+8.2575913E-05
+2.6360000E+00	-5.3026923E-04	+8.2818858E-05
+2.6370000E+00	-5.2809490E-04	+8.3058526E-05
+2.6380000E+00	-5.2593838E-04	+8.3294978E-05
+2.6390000E+00	-5.2379956E-04	+8.3528266E-05
+2.6400000E+00	-5.2167829E-04	+8.3758441E-05
+2.6410000E+00	-5.1957444E-04	+8.3985546E-05
+2.6420000E+00	-5.1748790E-04	+8.4209619E-05
+2.6430000E+00	-5.1541852E-04	+8.4430695E-05
+2.6440000E+00	-5.1336618E-04	+8.4648803E-05
+2.6450000E+00	-5.1133074E-04	+8.4863970E-05
+2.6460000E+00	-5.0931206E-04	+8.5076217E-05
+2.6470000E+00	-5.0731002E-04	+8.5285564E-05
+2.6480000E+00	-5.0532447E-04	+8.5492026E-05
+2.6490000E+00	-5.0335527E-04	+8.5695619E-05
+2.6500000E+00	-5.0140228E-04	+8.5896352E-05
+2.6510000E+00	-4.9946537E-04	+8.6094236E-05
+2.6520000E+00	-4.9754439E-04	+8.6289278E-05
+2.6530000E+00	-4.9563919E-04	+8.6481485E-05
+2.6540000E+00	-4.9374962E-04	+8.6670861E-05
+2.6550000E+00	-4.9187555E-04	+8.6857413E-05
+2.6560000E+00	-4.9001682E-04	+8.7041142E-05
+2.6570000E+00	-4.8817329E-04	+8.7222053E-05
+2.6580000E+00	-4.8634480E-04	+8.7400149E-05
+2.6590000E+00	-4.8453120E-04	+8.7575432E-05
+2.6600000E+00	-4.8273234E-04	+8.7747907E-05
+2.6610000E+00	-4.8094807E-04	+8.7917576E-05
+2.6620000E+00	-4.7917824E-04	+8.8084443E-05
+2.6630000E+00	-4.7742269E-04	+8.8248513E-05
+2.6640000E+00	-4.7568127E-04	+8.8409790E-05
+2.6650000E+00	-4.7395383E-04	+8.8568281E-05
+2.6660000E+00	-4.7224021E-04	+8.8723992E-05
+2.6670000E+00	-4.7054027E-04	+8.8876930E-05
+2.6680000E+00	-4.6885384E-04	+8.9027102E-05
+2.6690000E+00	-4.6718078E-04	+8.9174520E-05
+2.6700000E+00	-4.6552094E-04	+8.9319191E-05
+2.6710000E+00	-4.6387416E-04	+8.9461128E-05
+2.6720000E+00	-4.6224030E-04	+8.9600342E-05
+2.6730000E+00	-4.6061921E-04	+8.9736847E-05
+2.6740000E+00	-4.5901073E-04	+8.9870656E-05
+2.6750000E+00	-4.5741473E-04	+9.0001785E-05
+2.6760000E+00	-4.5583105E-04	+9.0130249E-05
+2.6770000E+00	-4.5425956E-04	+9.0256065E-05
+2.6780000E+00	-4.5270010E-04	+9.0379250E-05
+2.6790000E+00	-4.5115254E-04	+9.0499825E-05
+2.6800000E+00	-4.4961674E-04	+9.0617807E-05
+2.6810000E+00	-4.4809256E-04	+9.0733217E-05
+2.6820000E+00	-4.4657986E-04	+9.0846076E-05
+2.6830000E+00	-4.4507850E-04	+9.0956407E-05
+2.6840000E+00	-4.4358835E-04	+9.1064231E-05
+2.6850000E+00	-4.4210929E-04	+9.1169572E-05
+2.6860000E+00	-4.4064117E-04	+9.1272452E-05
+2.6870000E+00	-4.3918387E-04	+9.1372898E-05
+2.6880000E+00	-4.3773726E-04	+9.1470932E-05
+2.6890000E+00	-4.3630122E-04	+9.1566581E-05
+2.6900000E+00	-4.3487562E-04	+9.1659871E-05
+2.6910000E+00	-4.3346033E-04	+9.1750826E-05
+2.6920000E+00	-4.3205525E-04	+9.1839474E-05
+2.6930000E+00	-4.3066025E-04	+9.1925842E-05
+2.6940000E+00	-4.2927521E-04	+9.2009956E-05
+2.6950000E+00	-4.2790002E-04	+9.2091844E-05
+2.6960000E+00	-4.2653457E-04	+9.2171533E-05
+2.6970000E+00	-4.2517874E-04	+9.2249051E-05
+2.6980000E+00	-4.2383242E-04	+9.2324425E-05
+2.6990000E+00	-4.2249550E-04	+9.2397684E-05
+2.7000000E+00	-4.2116789E-04	+9.2468854E-05
+2.7010000E+00	-4.1984946E-04	+9.2537965E-05
+2.7020000E+00	-4.1854013E-04	+9.2605044E-05
+2.7030000E+00	-4.1723978E-04	+9.2670118E-05
+2.7040000E+00	-4.1594831E-04	+9.2733217E-05
+2.7050000E+00	-4.1466564E-04	+9.2794367E-05
+2.7060000E+00	-4.1339166E-04	+9.2853597E-05
+2.7070000E+00	-4.1212627E-04	+9.2910934E-05
+2.7080000E+00	-4.1086938E-04	+9.2966405E-05
+2.7090000E+00	-4.0962091E-04	+9.3020038E-05
+2.7100000E+00	-4.0838075E-04	+9.3071860E-05
+2.7110000E+00	-4.0714881E-04	+9.3121899E-05
+2.7120000E+00	-4.0592502E-04	+9.3170180E-05
+2.7130000E+00	-4.0470928E-04	+9.3216732E-05
+2.7140000E+00	-4.0350151E-04	+9.3261579E-05
+2.7150000E+00	-4.0230162E-04	+9.3304748E-05
+2.7160000E+00	-4.0110953E-04	+9.3346266E-05
+2.7170000E+00	-3.9992515E-04	+9.3386157E-05
+2.7180000E+00	-3.9874842E-04	+9.3424448E-05
+2.7190000E+00	-3.9757924E-04	+9.3461163E-05
+2.7200000E+00	-3.9641755E-04	+9.3496328E-05
+2.7210000E+00	-3.9526326E-04	+9.3529967E-05
+2.7220000E+00	-3.9411630E-04	+9.3562104E-05
+2.7230000E+00	-3.9297659E-04	+9.3592763E-05
+2.7240000E+00	-3.9184406E-04	+9.3621970E-05
+2.7250000E+00	-3.9071864E-04	+9.3649745E-05
+2.7260000E+00	-3.8960026E-04	+9.3676114E-05
+2.7270000E+00	-3.8848885E-04	+9.3701099E-05
+2.7280000E+00	-3.8738434E-04	+9.3724722E-05
+2.7290000E+00	-3.8628666E-04	+9.3747006E-05
+2.7300000E+00	-3.8519574E-04	+9.3767973E-05
+2.7310000E+00	-3.8411152E-04	+9.3787644E-05
+2.7320000E+00	-3.8303393E-04	+9.3806041E-05
+2.7330000E+00	-3.8196291E-04	+9.3823185E-05
+2.7340000E+00	-3.8089840E-04	+9.3839097E-05
+2.7350000E+00	-3.7984033E-04	+9.3853797E-05
+2.7360000E+00	-3.7878865E-04	+9.3867305E-05
+2.7370000E+00	-3.7774328E-04	+9.3879642E-05
+2.7380000E+00	-3.7670418E-04	+9.3890827E-05
+2.7390000E+00	-3.7567128E-04	+9.3900879E-05
+2.7400000E+00	-3.7464453E-04	+9.3909816E-05
+2.7410000E+00	-3.7362386E-04	+9.3917659E-05
+2.7420000E+00	-3.7260923E-04	+9.3924425E-05
+2.7430000E+00	-3.7160057E-04	+9.3930133E-05
+2.7440000E+00	-3.7059784E-04	+9.3934800E-05
+2.7450000E+00	-3.6960097E-04	+9.3938444E-05
+2.7460000E+00	-3.6860992E-04	+9.3941081E-05
+2.7470000E+00	-3.6762462E-04	+9.3942731E-05
+2.7480000E+00	-3.6664504E-04	+9.3943407E-05
+2.7490000E+00	-3.6567111E-04	+9.3943129E-05
+2.7500000E+00	-3.6470279E-04	+9.3941911E-05
+2.7510000E+00	-3.6374003E-04	+9.3939769E-05
+2.7520000E+00	-3.6278278E-04	+9.3936720E-05
+2.7530000E+00	-3.6183099E-04	+9.3932778E-05
+2.7540000E+00	-3.6088460E-04	+9.3927960E-05
+2.7550000E+00	-3.5994358E-04	+9.3922279E-05
+2.7560000E+00	-3.5900788E-04	+9.3915750E-05
+2.7570000E+00	-3.5807745E-04	+9.3908389E-05
+2.7580000E+00	-3.5715225E-04	+9.3900209E-05
+2.7590000E+00	-3.5623222E-04	+9.3891223E-05
+2.7600000E+00	-3.5531733E-04	+9.3881447E-05
+2.7610000E+00	-3.5440753E-04	+9.3870893E-05
+2.7620000E+00	-3.5350278E-04	+9.3859575E-05
+2.7630000E+00	-3.5260304E-04	+9.3847505E-05
+2.7640000E+00	-3.5170825E-04	+9.3834697E-05
+2.7650000E+00	-3.5081839E-04	+9.3821163E-05
+2.7660000E+00	-3.4993341E-04	+9.3806916E-05
+2.7670000E+00	-3.4905327E-04	+9.3791967E-05
+2.7680000E+00	-3.4817792E-04	+9.3776330E-05
+2.7690000E+00	-3.4730734E-04	+9.3760015E-05
+2.7700000E+00	-3.4644147E-04	+9.3743035E-05
+2.7710000E+00	-3.4558028E-04	+9.3725400E-05
+2.7720000E+00	-3.4472373E-04	+9.3707122E-05
+2.7730000E+00	-3.4387179E-04	+9.3688213E-05
+2.7740000E+00	-3.4302441E-04	+9.3668682E-05
+2.7750000E+00	-3.4218157E-04	+9.3648540E-05
+2.7760000E+00	-3.4134321E-04	+9.3627799E-05
+2.7770000E+00	-3.4050931E-04	+9.3606468E-05
+2.7780000E+00	-3.3967983E-04	+9.3584558E-05
+2.7790000E+00	-3.3885473E-04	+9.3562078E-05
+2.7800000E+00	-3.3803398E-04	+9.3539038E-05
+2.7810000E+00	-3.3721754E-04	+9.3515448E-05
+2.7820000E+00	-3.3640539E-04	+9.3491318E-05
+2.7830000E+00	-3.3559748E-04	+9.3466657E-05
+2.7840000E+00	-3.3479378E-04	+9.3441473E-05
+2.7850000E+00	-3.3399426E-04	+9.3415777E-05
+2.7860000E+00	-3.3319889E-04	+9.3389576E-05
+2.7870000E+00	-3.3240763E-04	+9.3362880E-05
+2.7880000E+00	-3.3162046E-04	+9.3335697E-05
+2.7890000E+00	-3.3083733E-04	+9.3308035E-05
+2.7900000E+00	-3.3005822E-04	+9.3279903E-05
+2.7910000E+00	-3.2928309E-04	+9.3251310E-05
+2.7920000E+00	-3.2851193E-04	+9.3222262E-05
+2.7930000E+00	-3.2774469E-04	+9.3192769E-05
+2.7940000E+00	-3.2698134E-04	+9.3162837E-05
+2.7950000E+00	-3.2622186E-04	+9.3132474E-05
+2.7960000E+00	-3.2546622E-04	+9.3101689E-05
+2.7970000E+00	-3.2471438E-04	+9.3070487E-05
+2.7980000E+00	-3.2396632E-04	+9.3038877E-05
+2.7990000E+00	-3.2322202E-04	+9.3006866E-05
+2.8000000E+00	-3.2248143E-04	+9.2974460E-05
+2.8010000E+00	-3.2174454E-04	+9.2941667E-05
+2.8020000E+00	-3.2101131E-04	+9.2908493E-05
+2.8030000E+00	-3.2028172E-04	+9.2874945E-05
+2.8040000E+00	-3.1955574E-04	+9.2841030E-05
+2.8050000E+00	-3.1883334E-04	+9.2806754E-05
+2.8060000E+00	-3.1811450E-04	+9.2772124E-05
+2.8070000E+00	-3.1739920E-04	+9.2737145E-05
+2.8080000E+00	-3.1668740E-04	+9.2701824E-05
+2.8090000E+00	-3.1597907E-04	+9.2666166E-05
+2.8100000E+00	-3.1527421E-04	+9.2630179E-05
+2.8110000E+00	-3.1457277E-04	+9.2593868E-05
+2.8120000E+00	-3.1387473E-04	+9.2557238E-05
+2.8130000E+00	-3.1318007E-04	+9.2520295E-05
+2.8140000E+00	-3.1248877E-04	+9.2483045E-05
+2.8150000E+00	-3.1180079E-04	+9.2445493E-05
+2.8160000E+00	-3.1111613E-04	+9.2407645E-05
+2.8170000E+00	-3.1043474E-04	+9.2369506E-05
+2.8180000E+00	-3.0975661E-04	+9.2331081E-05
+2.8190000E+00	-3.0908172E-04	+9.2292375E-05
+2.8200000E+00	-3.0841004E-04	+9.2253394E-05
+2.8210000E+00	-3.0774154E-04	+9.2214142E-05
+2.8220000E+00	-3.0707622E-04	+9.2174625E-05
+2.8230000E+00	-3.0641403E-04	+9.2134847E-05
+2.8240000E+00	-3.0575497E-04	+9.2094812E-05
+2.8250000E+00	-3.0509901E-04	+9.2054527E-05
+2.8260000E+00	-3.0444612E-04	+9.2013994E-05
+2.8270000E+00	-3.0379630E-04	+9.1973219E-05
+2.8280000E+00	-3.0314950E-04	+9.1932206E-05
+2.8290000E+00	-3.0250572E-04	+9.1890960E-05
+2.8300000E+00	-3.0186493E-04	+9.1849485E-05
+2.8310000E+00	-3.0122711E-04	+9.1807785E-05
+2.8320000E+00	-3.0059224E-04	+9.1765864E-05
+2.8330000E+00	-2.9996031E-04	+9.1723726E-05
+2.8340000E+00	-2.9933128E-04	+9.1681376E-05
+2.8350000E+00	-2.9870514E-04	+9.1638818E-05
+2.8360000E+00	-2.9808188E-04	+9.1596055E-05
+2.8370000E+00	-2.9746146E-04	+9.1553091E-05
+2.8380000E+00	-2.9684387E-04	+9.1509930E-05
+2.8390000E+00	-2.9622910E-04	+9.1466576E-05
+2.8400000E+00	-2.9561712E-04	+9.1423032E-05
+2.8410000E+00	-2.9500791E-04	+9.1379303E-05
+2.8420000E+00	-2.9440145E-04	+9.1335391E-05
+2.8430000E+00	-2.9379773E-04	+9.1291300E-05
+2.8440000E+00	-2.9319673E-04	+9.1247034E-05
+2.8450000E+00	-2.9259843E-04	+9.1202596E-05
+2.8460000E+00	-2.9200281E-04	+9.1157990E-05
+2.8470000E+00	-2.9140985E-04	+9.1113218E-05
+2.8480000E+00	-2.9081954E-04	+9.1068284E-05
+2.8490000E+00	-2.9023185E-04	+9.1023192E-05
+2.8500000E+00	-2.8964678E-04	+9.0977944E-05
+2.8510000E+00	-2.8906429E-04	+9.0932543E-05
+2.8520000E+00	-2.8848439E-04	+9.0886993E-05
+2.8530000E+00	-2.8790704E-04	+9.0841296E-05
+2.8540000E+00	-2.8733223E-04	+9.0795456E-05
+2.8550000E+00	-2.8675995E-04	+9.0749475E-05
+2.8560000E+00	-2.8619017E-04	+9.0703356E-05
+2.8570000E+00	-2.8562289E-04	+9.0657103E-05
+2.8580000E+00	-2.8505808E-04	+9.0610717E-05
+2.8590000E+00	-2.8449573E-04	+9.0564202E-05
+2.8600000E+00	-2.8393583E-04	+9.0517560E-05
+2.8610000E+00	-2.8337835E-04	+9.0470795E-05
+2.8620000E+00	-2.8282328E-04	+9.0423908E-05
+2.8630000E+00	-2.8227061E-04	+9.0376902E-05
+2.8640000E+00	-2.8172032E-04	+9.0329780E-05
+2.8650000E+00	-2.8117240E-04	+9.0282544E-05
+2.8660000E+00	-2.8062683E-04	+9.0235197E-05
+2.8670000E+00	-2.8008359E-04	+9.0187741E-05
+2.8680000E+00	-2.7954267E-04	+9.0140179E-05
+2.8690000E+00	-2.7900405E-04	+9.0092512E-05
+2.8700000E+00	-2.7846773E-04	+9.0044744E-05
+2.8710000E+00	-2.7793368E-04	+8.9996876E-05
+2.8720000E+00	-2.7740189E-04	+8.9948911E-05
+2.8730000E+00	-2.7687235E-04	+8.9900851E-05
+2.8740000E+00	-2.7634505E-04	+8.9852699E-05
+2.8750000E+00	-2.7581996E-04	+8.9804455E-05
+2.8760000E+00	-2.7529708E-04	+8.9756123E-05
+2.8770000E+00	-2.7477638E-04	+8.9707704E-05
+2.8780000E+00	-2.7425787E-04	+8.9659201E-05
+2.8790000E+00	-2.7374152E-04	+8.9610616E-05
+2.8800000E+00	-2.7322732E-04	+8.9561950E-05
+2.8810000E+00	-2.7271525E-04	+8.9513206E-05
+2.8820000E+00	-2.7220531E-04	+8.9464385E-05
+2.8830000E+00	-2.7169748E-04	+8.9415490E-05
+2.8840000E+00	-2.7119175E-04	+8.9366522E-05
+2.8850000E+00	-2.7068810E-04	+8.9317483E-05
+2.8860000E+00	-2.7018652E-04	+8.9268375E-05
+2.8870000E+00	-2.6968700E-04	+8.9219200E-05
+2.8880000E+00	-2.6918953E-04	+8.9169959E-05
+2.8890000E+00	-2.6869409E-04	+8.9120655E-05
+2.8900000E+00	-2.6820067E-04	+8.9071288E-05
+2.8910000E+00	-2.6770926E-04	+8.9021862E-05
+2.8920000E+00	-2.6721984E-04	+8.8972376E-05
+2.8930000E+00	-2.6673241E-04	+8.8922834E-05
+2.8940000E+00	-2.6624696E-04	+8.8873236E-05
+2.8950000E+00	-2.6576346E-04	+8.8823585E-05
+2.8960000E+00	-2.6528191E-04	+8.8773881E-05
+2.8970000E+00	-2.6480230E-04	+8.8724126E-05
+2.8980000E+00	-2.6432461E-04	+8.8674323E-05
+2.8990000E+00	-2.6384884E-04	+8.8624471E-05
+2.9000000E+00	-2.6337496E-04	+8.8574574E-05
+2.9010000E+00	-2.6290298E-04	+8.8524632E-05
+2.9020000E+00	-2.6243288E-04	+8.8474646E-05
+2.9030000E+00	-2.6196465E-04	+8.8424619E-05
+2.9040000E+00	-2.6149827E-04	+8.8374551E-05
+2.9050000E+00	-2.6103374E-04	+8.8324445E-05
+2.9060000E+00	-2.6057104E-04	+8.8274300E-05
+2.9070000E+00	-2.6011017E-04	+8.8224119E-05
+2.9080000E+00	-2.5965111E-04	+8.8173903E-05
+2.9090000E+00	-2.5919386E-04	+8.8123653E-05
+2.9100000E+00	-2.5873839E-04	+8.8073371E-05
+2.9110000E+00	-2.5828471E-04	+8.8023057E-05
+2.9120000E+00	-2.5783280E-04	+8.7972713E-05
+2.9130000E+00	-2.5738265E-04	+8.7922341E-05
+2.9140000E+00	-2.5693425E-04	+8.7871941E-05
+2.9150000E+00	-2.5648759E-04	+8.7821514E-05
+2.9160000E+00	-2.5604266E-04	+8.7771062E-05
+2.9170000E+00	-2.5559945E-04	+8.7720586E-05
+2.9180000E+00	-2.5515795E-04	+8.7670088E-05
+2.9190000E+00	-2.5471815E-04	+8.7619567E-05
+2.9200000E+00	-2.5428004E-04	+8.7569026E-05
+2.9210000E+00	-2.5384361E-04	+8.7518464E-05
+2.9220000E+00	-2.5340886E-04	+8.7467885E-05
+2.9230000E+00	-2.5297576E-04	+8.7417287E-05
+2.9240000E+00	-2.5254432E-04	+8.7366674E-05
+2.9250000E+00	-2.5211452E-04	+8.7316044E-05
+2.9260000E+00	-2.5168635E-04	+8.7265401E-05
+2.9270000E+00	-2.5125980E-04	+8.7214744E-05
+2.9280000E+00	-2.5083487E-04	+8.7164074E-05
+2.9290000E+00	-2.5041155E-04	+8.7113393E-05
+2.9300000E+00	-2.4998982E-04	+8.7062701E-05
+2.9310000E+00	-2.4956968E-04	+8.7011999E-05
+2.9320000E+00	-2.4915112E-04	+8.6961289E-05
+2.9330000E+00	-2.4873413E-04	+8.6910571E-05
+2.9340000E+00	-2.4831869E-04	+8.6859846E-05
+2.9350000E+00	-2.4790481E-04	+8.6809115E-05
+2.9360000E+00	-2.4749248E-04	+8.6758378E-05
+2.9370000E+00	-2.4708168E-04	+8.6707638E-05
+2.9380000E+00	-2.4667240E-04	+8.6656894E-05
+2.9390000E+00	-2.4626464E-04	+8.6606147E-05
+2.9400000E+00	-2.4585839E-04	+8.6555398E-05
+2.9410000E+00	-2.4545364E-04	+8.6504649E-05
+2.9420000E+00	-2.4505038E-04	+8.6453899E-05
+2.9430000E+00	-2.4464861E-04	+8.6403149E-05
+2.9440000E+00	-2.4424831E-04	+8.6352401E-05
+2.9450000E+00	-2.4384948E-04	+8.6301655E-05
+2.9460000E+00	-2.4345212E-04	+8.6250912E-05
+2.9470000E+00	-2.4305620E-04	+8.6200172E-05
+2.9480000E+00	-2.4266172E-04	+8.6149437E-05
+2.9490000E+00	-2.4226869E-04	+8.6098707E-05
+2.9500000E+00	-2.4187707E-04	+8.6047982E-05
+2.9510000E+00	-2.4148688E-04	+8.5997264E-05
+2.9520000E+00	-2.4109811E-04	+8.5946553E-05
+2.9530000E+00	-2.4071073E-04	+8.5895849E-05
+2.9540000E+00	-2.4032476E-04	+8.5845155E-05
+2.9550000E+00	-2.3994017E-04	+8.5794469E-05
+2.9560000E+00	-2.3955697E-04	+8.5743792E-05
+2.9570000E+00	-2.3917514E-04	+8.5693127E-05
+2.9580000E+00	-2.3879468E-04	+8.5642472E-05
+2.9590000E+00	-2.3841557E-04	+8.5591829E-05
+2.9600000E+00	-2.3803782E-04	+8.5541198E-05
+2.9610000E+00	-2.3766142E-04	+8.5490579E-05
+2.9620000E+00	-2.3728635E-04	+8.5439975E-05
+2.9630000E+00	-2.3691262E-04	+8.5389384E-05
+2.9640000E+00	-2.3654020E-04	+8.5338807E-05
+2.9650000E+00	-2.3616911E-04	+8.5288246E-05
+2.9660000E+00	-2.3579933E-04	+8.5237701E-05
+2.9670000E+00	-2.3543084E-04	+8.5187171E-05
+2.9680000E+00	-2.3506366E-04	+8.5136659E-05
+2.9690000E+00	-2.3469776E-04	+8.5086163E-05
+2.9700000E+00	-2.3433315E-04	+8.5035686E-05
+2.9710000E+00	-2.3396981E-04	+8.4985227E-05
+2.9720000E+00	-2.3360774E-04	+8.4934786E-05
+2.9730000E+00	-2.3324693E-04	+8.4884365E-05
+2.9740000E+00	-2.3288738E-04	+8.4833964E-05
+2.9750000E+00	-2.3252907E-04	+8.4783583E-05
+2.9760000E+00	-2.3217201E-04	+8.4733223E-05
+2.9770000E+00	-2.3181619E-04	+8.4682884E-05
+2.9780000E+00	-2.3146159E-04	+8.4632566E-05
+2.9790000E+00	-2.3110822E-04	+8.4582271E-05
+2.9800000E+00	-2.3075606E-04	+8.4531999E-05
+2.9810000E+00	-2.3040512E-04	+8.4481749E-05
+2.9820000E+00	-2.3005538E-04	+8.4431523E-05
+2.9830000E+00	-2.2970684E-04	+8.4381321E-05
+2.9840000E+00	-2.2935949E-04	+8.4331143E-05
+2.9850000E+00	-2.2901332E-04	+8.4280990E-05
+2.9860000E+00	-2.2866834E-04	+8.4230862E-05
+2.9870000E+00	-2.2832453E-04	+8.4180760E-05
+2.9880000E+00	-2.2798188E-04	+8.4130683E-05
+2.9890000E+00	-2.2764040E-04	+8.4080633E-05
+2.9900000E+00	-2.2730008E-04	+8.4030610E-05
+2.9910000E+00	-2.2696090E-04	+8.3980614E-05
+2.9920000E+00	-2.2662287E-04	+8.3930645E-05
+2.9930000E+00	-2.2628597E-04	+8.3880704E-05
+2.9940000E+00	-2.2595021E-04	+8.3830791E-05
+2.9950000E+00	-2.2561558E-04	+8.3780907E-05
+2.9960000E+00	-2.2528207E-04	+8.3731051E-05
+2.9970000E+00	-2.2494967E-04	+8.3681225E-05
+2.9980000E+00	-2.2461838E-04	+8.3631428E-05
+2.9990000E+00	-2.2428819E-04	+8.3581662E-05
+3.0000000E+00	-2.2395911E-04	+8.3531925E-05
