+2.0000000E+00	+2.8330848E-04	-2.7913766E-05
+2.0010000E+00	+2.8299511E-04	-2.8510438E-05
+2.0020000E+00	+2.8270274E-04	-2.9119679E-05
+2.0030000E+00	+2.8243124E-04	-2.9740826E-05
+2.0040000E+00	+2.8218045E-04	-3.0373243E-05
+2.0050000E+00	+2.8195021E-04	-3.1016320E-05
+2.0060000E+00	+2.8174032E-04	-3.1669469E-05
+2.0070000E+00	+2.8155060E-04	-3.2332130E-05
+2.0080000E+00	+2.8138084E-04	-3.3003767E-05
+2.0090000E+00	+2.8123083E-04	-3.3683863E-05
+2.0100000E+00	+2.8110034E-04	-3.4371931E-05
+2.0110000E+00	+2.8098915E-04	-3.5067500E-05
+2.0120000E+00	+2.8089703E-04	-3.5770124E-05
+2.0130000E+00	+2.8082373E-04	-3.6479379E-05
+2.0140000E+00	+2.8076902E-04	-3.7194859E-05
+2.0150000E+00	+2.8073264E-04	-3.7916181E-05
+2.0160000E+00	+2.8071435E-04	-3.8642979E-05
+2.0170000E+00	+2.8071390E-04	-3.9374906E-05
+2.0180000E+00	+2.8073103E-04	-4.0111633E-05
+2.0190000E+00	+2.8076551E-04	-4.0852851E-05
+2.0200000E+00	+2.8081707E-04	-4.1598264E-05
+2.0210000E+00	+2.8088546E-04	-4.2347595E-05
+2.0220000E+00	+2.8097045E-04	-4.3100582E-05
+2.0230000E+00	+2.8107177E-04	-4.3856977E-05
+2.0240000E+00	+2.8118919E-04	-4.4616546E-05
+2.0250000E+00	+2.8132247E-04	-4.5379072E-05
+2.0260000E+00	+2.8147135E-04	-4.6144348E-05
+2.0270000E+00	+2.8163562E-04	-4.6912182E-05
+2.0280000E+00	+2.8181502E-04	-4.7682392E-05
+2.0290000E+00	+2.8200934E-04	-4.8454810E-05
+2.0300000E+00	+2.8221834E-04	-4.9229277E-05
+2.0310000E+00	+2.8244180E-04	-5.0005648E-05
+2.0320000E+00	+2.8267950E-04	-5.0783784E-05
+2.0330000E+00	+2.8293123E-04	-5.1563559E-05
+2.0340000E+00	+2.8319677E-04	-5.2344855E-05
+2.0350000E+00	+2.8347593E-04	-5.3127564E-05
+2.0360000E+00	+2.8376848E-04	-5.3911586E-05
+2.0370000E+00	+2.8407425E-04	-5.4696829E-05
+2.0380000E+00	+2.8439303E-04	-5.5483209E-05
+2.0390000E+00	+2.8472464E-04	-5.6270649E-05
+2.0400000E+00	+2.8506889E-04	-5.7059081E-05
+2.0410000E+00	+2.8542560E-04	-5.7848440E-05
+2.0420000E+00	+2.8579459E-04	-5.8638672E-05
+2.0430000E+00	+2.8617570E-04	-5.9429726E-05
+2.0440000E+00	+2.8656875E-04	-6.0221559E-05
+2.0450000E+00	+2.8697359E-04	-6.1014130E-05
+2.0460000E+00	+2.8739006E-04	-6.1807408E-05
+2.0470000E+00	+2.8781800E-04	-6.2601365E-05
+2.0480000E+00	+2.8825726E-04	-6.3395977E-05
+2.0490000E+00	+2.8870770E-04	-6.4191225E-05
+2.0500000E+00	+2.8916918E-04	-6.4987095E-05
+2.0510000E+00	+2.8964157E-04	-6.5783577E-05
+2.0520000E+00	+2.9012472E-04	-6.6580666E-05
+2.0530000E+00	+2.9061852E-04	-6.7378359E-05
+2.0540000E+00	+2.9112284E-04	-6.8176656E-05
+2.0550000E+00	+2.9163756E-04	-6.8975564E-05
+2.0560000E+00	+2.9216256E-04	-6.9775091E-05
+2.0570000E+00	+2.9269773E-04	-7.0575246E-05
+2.0580000E+00	+2.9324296E-04	-7.1376046E-05
+2.0590000E+00	+2.9379816E-04	-7.2177506E-05
+2.0600000E+00	+2.9436321E-04	-7.2979646E-05
+2.0610000E+00	+2.9493803E-04	-7.3782489E-05
+2.0620000E+00	+2.9552251E-04	-7.4586060E-05
+2.0630000E+00	+2.9611658E-04	-7.5390385E-05
+2.0640000E+00	+2.9672013E-04	-7.6195495E-05
+2.0650000E+00	+2.9733310E-04	-7.7001420E-05
+2.0660000E+00	+2.9795539E-04	-7.7808194E-05
+2.0670000E+00	+2.9858694E-04	-7.8615853E-05
+2.0680000E+00	+2.9922767E-04	-7.9424434E-05
+2.0690000E+00	+2.9987751E-04	-8.0233976E-05
+2.0700000E+00	+3.0053640E-04	-8.1044520E-05
+2.0710000E+00	+3.0120426E-04	-8.1856108E-05
+2.0720000E+00	+3.0188104E-04	-8.2668785E-05
+2.0730000E+00	+3.0256669E-04	-8.3482597E-05
+2.0740000E+00	+3.0326114E-04	-8.4297589E-05
+2.0750000E+00	+3.0396434E-04	-8.5113811E-05
+2.0760000E+00	+3.0467626E-04	-8.5931312E-05
+2.0770000E+00	+3.0539683E-04	-8.6750143E-05
+2.0780000E+00	+3.0612601E-04	-8.7570357E-05
+2.0790000E+00	+3.0686377E-04	-8.8392007E-05
+2.0800000E+00	+3.0761006E-04	-8.9215147E-05
+2.0810000E+00	+3.0836485E-04	-9.0039834E-05
+2.0820000E+00	+3.0912810E-04	-9.0866123E-05
+2.0830000E+00	+3.0989979E-04	-9.1694074E-05
+2.0840000E+00	+3.1067988E-04	-9.2523744E-05
+2.0850000E+00	+3.1146835E-04	-9.3355194E-05
+2.0860000E+00	+3.1226517E-04	-9.4188484E-05
+2.0870000E+00	+3.1307033E-04	-9.5023677E-05
+2.0880000E+00	+3.1388379E-04	-9.5860834E-05
+2.0890000E+00	+3.1470555E-04	-9.6700020E-05
+2.0900000E+00	+3.1553559E-04	-9.7541298E-05
+2.0910000E+00	+3.1637389E-04	-9.8384735E-05
+2.0920000E+00	+3.1722045E-04	-9.9230397E-05
+2.0930000E+00	+3.1807525E-04	-1.0007835E-04
+2.0940000E+00	+3.1893830E-04	-1.0092866E-04
+2.0950000E+00	+3.1980957E-04	-1.0178140E-04
+2.0960000E+00	+3.2068907E-04	-1.0263664E-04
+2.0970000E+00	+3.2157680E-04	-1.0349445E-04
+2.0980000E+00	+3.2247276E-04	-1.0435489E-04
+2.0990000E+00	+3.2337695E-04	-1.0521805E-04
+2.1000000E+00	+3.2428938E-04	-1.0608399E-04
+2.1010000E+00	+3.2521005E-04	-1.0695279E-04
+2.1020000E+00	+3.2613897E-04	-1.0782451E-04
+2.1030000E+00	+3.2707615E-04	-1.0869925E-04
+2.1040000E+00	+3.2802160E-04	-1.0957707E-04
+2.1050000E+00	+3.2897534E-04	-1.1045805E-04
+2.1060000E+00	+3.2993737E-04	-1.1134226E-04
+2.1070000E+00	+3.3090772E-04	-1.1222979E-04
+2.1080000E+00	+3.3188641E-04	-1.1312071E-04
+2.1090000E+00	+3.3287346E-04	-1.1401511E-04
+2.1100000E+00	+3.3386888E-04	-1.1491307E-04
+2.1110000E+00	+3.3487270E-04	-1.1581466E-04
+2.1120000E+00	+3.3588494E-04	-1.1671997E-04
+2.1130000E+00	+3.3690564E-04	-1.1762909E-04
+2.1140000E+00	+3.3793482E-04	-1.1854209E-04
+2.1150000E+00	+3.3897251E-04	-1.1945906E-04
+2.1160000E+00	+3.4001874E-04	-1.2038010E-04
+2.1170000E+00	+3.4107355E-04	-1.2130528E-04
+2.1180000E+00	+3.4213696E-04	-1.2223469E-04
+2.1190000E+00	+3.4320903E-04	-1.2316842E-04
+2.1200000E+00	+3.4428977E-04	-1.2410657E-04
+2.1210000E+00	+3.4537924E-04	-1.2504922E-04
+2.1220000E+00	+3.4647746E-04	-1.2599647E-04
+2.1230000E+00	+3.4758450E-04	-1.2694841E-04
+2.1240000E+00	+3.4870038E-04	-1.2790512E-04
+2.1250000E+00	+3.4982516E-04	-1.2886672E-04
+2.1260000E+00	+3.5095887E-04	-1.2983329E-04
+2.1270000E+00	+3.5210158E-04	-1.3080493E-04
+2.1280000E+00	+3.5325332E-04	-1.3178173E-04
+2.1290000E+00	+3.5441416E-04	-1.3276381E-04
+2.1300000E+00	+3.5558413E-04	-1.3375125E-04
+2.1310000E+00	+3.5676331E-04	-1.3474417E-04
+2.1320000E+00	+3.5795173E-04	-1.3574266E-04
+2.1330000E+00	+3.5914947E-04	-1.3674683E-04
+2.1340000E+00	+3.6035657E-04	-1.3775678E-04
+2.1350000E+00	+3.6157311E-04	-1.3877262E-04
+2.1360000E+00	+3.6279913E-04	-1.3979446E-04
+2.1370000E+00	+3.6403471E-04	-1.4082242E-04
+2.1380000E+00	+3.6527990E-04	-1.4185659E-04
+2.1390000E+00	+3.6653478E-04	-1.4289709E-04
+2.1400000E+00	+3.6779941E-04	-1.4394404E-04
+2.1410000E+00	+3.6907386E-04	-1.4499755E-04
+2.1420000E+00	+3.7035821E-04	-1.4605774E-04
+2.1430000E+00	+3.7165252E-04	-1.4712473E-04
+2.1440000E+00	+3.7295687E-04	-1.4819863E-04
+2.1450000E+00	+3.7427133E-04	-1.4927957E-04
+2.1460000E+00	+3.7559598E-04	-1.5036768E-04
+2.1470000E+00	+3.7693090E-04	-1.5146307E-04
+2.1480000E+00	+3.7827618E-04	-1.5256588E-04
+2.1490000E+00	+3.7963188E-04	-1.5367623E-04
+2.1500000E+00	+3.8099810E-04	-1.5479426E-04
+2.1510000E+00	+3.8237491E-04	-1.5592009E-04
+2.1520000E+00	+3.8376242E-04	-1.5705386E-04
+2.1530000E+00	+3.8516069E-04	-1.5819571E-04
+2.1540000E+00	+3.8656983E-04	-1.5934578E-04
+2.1550000E+00	+3.8798993E-04	-1.6050420E-04
+2.1560000E+00	+3.8942107E-04	-1.6167112E-04
+2.1570000E+00	+3.9086336E-04	-1.6284668E-04
+2.1580000E+00	+3.9231688E-04	-1.6403103E-04
+2.1590000E+00	+3.9378175E-04	-1.6522432E-04
+2.1600000E+00	+3.9525805E-04	-1.6642670E-04
+2.1610000E+00	+3.9674589E-04	-1.6763833E-04
+2.1620000E+00	+3.9824537E-04	-1.6885935E-04
+2.1630000E+00	+3.9975660E-04	-1.7008994E-04
+2.1640000E+00	+4.0127969E-04	-1.7133024E-04
+2.1650000E+00	+4.0281474E-04	-1.7258043E-04
+2.1660000E+00	+4.0436186E-04	-1.7384067E-04
+2.1670000E+00	+4.0592117E-04	-1.7511113E-04
+2.1680000E+00	+4.0749278E-04	-1.7639198E-04
+2.1690000E+00	+4.0907681E-04	-1.7768340E-04
+2.1700000E+00	+4.1067337E-04	-1.7898556E-04
+2.1710000E+00	+4.1228259E-04	-1.8029865E-04
+2.1720000E+00	+4.1390459E-04	-1.8162285E-04
+2.1730000E+00	+4.1553948E-04	-1.8295834E-04
+2.1740000E+00	+4.1718741E-04	-1.8430532E-04
+2.1750000E+00	+4.1884848E-04	-1.8566398E-04
+2.1760000E+00	+4.2052285E-04	-1.8703452E-04
+2.1770000E+00	+4.2221063E-04	-1.8841714E-04
+2.1780000E+00	+4.2391196E-04	-1.8981204E-04
+2.1790000E+00	+4.2562698E-04	-1.9121943E-04
+2.1800000E+00	+4.2735583E-04	-1.9263952E-04
+2.1810000E+00	+4.2909864E-04	-1.9407253E-04
+2.1820000E+00	+4.3085556E-04	-1.9551867E-04
+2.1830000E+00	+4.3262674E-04	-1.9697817E-04
+2.1840000E+00	+4.3441232E-04	-1.9845125E-04
+2.1850000E+00	+4.3621245E-04	-1.9993816E-04
+2.1860000E+00	+4.3802728E-04	-2.0143911E-04
+2.1870000E+00	+4.3985698E-04	-2.0295436E-04
+2.1880000E+00	+4.4170168E-04	-2.0448415E-04
+2.1890000E+00	+4.4356156E-04	-2.0602872E-04
+2.1900000E+00	+4.4543677E-04	-2.0758833E-04
+2.1910000E+00	+4.4732749E-04	-2.0916325E-04
+2.1920000E+00	+4.4923386E-04	-2.1075373E-04
+2.1930000E+00	+4.5115607E-04	-2.1236004E-04
+2.1940000E+00	+4.5309429E-04	-2.1398246E-04
+2.1950000E+00	+4.5504868E-04	-2.1562127E-04
+2.1960000E+00	+4.5701943E-04	-2.1727675E-04
+2.1970000E+00	+4.5900672E-04	-2.1894920E-04
+2.1980000E+00	+4.6101073E-04	-2.2063890E-04
+2.1990000E+00	+4.6303163E-04	-2.2234617E-04
+2.2000000E+00	+4.6506963E-04	-2.2407132E-04
+2.2010000E+00	+4.6712490E-04	-2.2581465E-04
+2.2020000E+00	+4.6919765E-04	-2.2757650E-04
+2.2030000E+00	+4.7128807E-04	-2.2935718E-04
+2.2040000E+00	+4.7339636E-04	-2.3115704E-04
+2.2050000E+00	+4.7552272E-04	-2.3297642E-04
+2.2060000E+00	+4.7766735E-04	-2.3481566E-04
+2.2070000E+00	+4.7983046E-04	-2.3667513E-04
+2.2080000E+00	+4.8201227E-04	-2.3855518E-04
+2.2090000E+00	+4.8421299E-04	-2.4045620E-04
+2.2100000E+00	+4.8643284E-04	-2.4237856E-04
+2.2110000E+00	+4.8867203E-04	-2.4432264E-04
+2.2120000E+00	+4.9093079E-04	-2.4628885E-04
+2.2130000E+00	+4.9320934E-04	-2.4827759E-04
+2.2140000E+00	+4.9550793E-04	-2.5028928E-04
+2.2150000E+00	+4.9782677E-04	-2.5232434E-04
+2.2160000E+00	+5.0016611E-04	-2.5438321E-04
+2.2170000E+00	+5.0252619E-04	-2.5646631E-04
+2.2180000E+00	+5.0490725E-04	-2.5857412E-04
+2.2190000E+00	+5.0730954E-04	-2.6070709E-04
+2.2200000E+00	+5.0973331E-04	-2.6286569E-04
+2.2210000E+00	+5.1217882E-04	-2.6505041E-04
+2.2220000E+00	+5.1464631E-04	-2.6726175E-04
+2.2230000E+00	+5.1713606E-04	-2.6950021E-04
+2.2240000E+00	+5.1964833E-04	-2.7176630E-04
+2.2250000E+00	+5.2218339E-04	-2.7406057E-04
+2.2260000E+00	+5.2474150E-04	-2.7638355E-04
+2.2270000E+00	+5.2732296E-04	-2.7873580E-04
+2.2280000E+00	+5.2992803E-04	-2.8111788E-04
+2.2290000E+00	+5.3255700E-04	-2.8353039E-04
+2.2300000E+00	+5.3521016E-04	-2.8597391E-04
+2.2310000E+00	+5.3788780E-04	-2.8844906E-04
+2.2320000E+00	+5.4059022E-04	-2.9095646E-04
+2.2330000E+00	+5.4331772E-04	-2.9349675E-04
+2.2340000E+00	+5.4607060E-04	-2.9607059E-04
+2.2350000E+00	+5.4884916E-04	-2.9867866E-04
+2.2360000E+00	+5.5165373E-04	-3.0132164E-04
+2.2370000E+00	+5.5448461E-04	-3.0400023E-04
+2.2380000E+00	+5.5734212E-04	-3.0671516E-04
+2.2390000E+00	+5.6022660E-04	-3.0946718E-04
+2.2400000E+00	+5.6313836E-04	-3.1225704E-04
+2.2410000E+00	+5.6607773E-04	-3.1508553E-04
+2.2420000E+00	+5.6904507E-04	-3.1795344E-04
+2.2430000E+00	+5.7204069E-04	-3.2086160E-04
+2.2440000E+00	+5.7506495E-04	-3.2381084E-04
+2.2450000E+00	+5.7811820E-04	-3.2680203E-04
+2.2460000E+00	+5.8120079E-04	-3.2983606E-04
+2.2470000E+00	+5.8431306E-04	-3.3291383E-04
+2.2480000E+00	+5.8745539E-04	-3.3603628E-04
+2.2490000E+00	+5.9062813E-04	-3.3920437E-04
+2.2500000E+00	+5.9383166E-04	-3.4241907E-04
+2.2510000E+00	+5.9706633E-04	-3.4568141E-04
+2.2520000E+00	+6.0033253E-04	-3.4899241E-04
+2.2530000E+00	+6.0363064E-04	-3.5235314E-04
+2.2540000E+00	+6.0696104E-04	-3.5576470E-04
+2.2550000E+00	+6.1032410E-04	-3.5922821E-04
+2.2560000E+00	+6.1372022E-04	-3.6274482E-04
+2.2570000E+00	+6.1714980E-04	-3.6631572E-04
+2.2580000E+00	+6.2061321E-04	-3.6994213E-04
+2.2590000E+00	+6.2411087E-04	-3.7362530E-04
+2.2600000E+00	+6.2764316E-04	-3.7736653E-04
+2.2610000E+00	+6.3121050E-04	-3.8116713E-04
+2.2620000E+00	+6.3481328E-04	-3.8502848E-04
+2.2630000E+00	+6.3845191E-04	-3.8895196E-04
+2.2640000E+00	+6.4212681E-04	-3.9293904E-04
+2.2650000E+00	+6.4583837E-04	-3.9699118E-04
+2.2660000E+00	+6.4958700E-04	-4.0110991E-04
+2.2670000E+00	+6.5337313E-04	-4.0529681E-04
+2.2680000E+00	+6.5719716E-04	-4.0955350E-04
+2.2690000E+00	+6.6105950E-04	-4.1388163E-04
+2.2700000E+00	+6.6496056E-04	-4.1828292E-04
+2.2710000E+00	+6.6890075E-04	-4.2275915E-04
+2.2720000E+00	+6.7288049E-04	-4.2731211E-04
+2.2730000E+00	+6.7690017E-04	-4.3194370E-04
+2.2740000E+00	+6.8096020E-04	-4.3665583E-04
+2.2750000E+00	+6.8506099E-04	-4.4145050E-04
+2.2760000E+00	+6.8920293E-04	-4.4632976E-04
+2.2770000E+00	+6.9338641E-04	-4.5129571E-04
+2.2780000E+00	+6.9761183E-04	-4.5635054E-04
+2.2790000E+00	+7.0187955E-04	-4.6149648E-04
+2.2800000E+00	+7.0618996E-04	-4.6673586E-04
+2.2810000E+00	+7.1054342E-04	-4.7207105E-04
+2.2820000E+00	+7.1494029E-04	-4.7750453E-04
+2.2830000E+00	+7.1938090E-04	-4.8303884E-04
+2.2840000E+00	+7.2386561E-04	-4.8867659E-04
+2.2850000E+00	+7.2839472E-04	-4.9442049E-04
+2.2860000E+00	+7.3296855E-04	-5.0027333E-04
+2.2870000E+00	+7.3758737E-04	-5.0623800E-04
+2.2880000E+00	+7.4225148E-04	-5.1231747E-04
+2.2890000E+00	+7.4696111E-04	-5.1851482E-04
+2.2900000E+00	+7.5171650E-04	-5.2483321E-04
+2.2910000E+00	+7.5651786E-04	-5.3127594E-04
+2.2920000E+00	+7.6136536E-04	-5.3784638E-04
+2.2930000E+00	+7.6625916E-04	-5.4454804E-04
+2.2940000E+00	+7.7119939E-04	-5.5138453E-04
+2.2950000E+00	+7.7618612E-04	-5.5835960E-04
+2.2960000E+00	+7.8121941E-04	-5.6547710E-04
+2.2970000E+00	+7.8629926E-04	-5.7274103E-04
+2.2980000E+00	+7.9142565E-04	-5.8015552E-04
+2.2990000E+00	+7.9659850E-04	-5.8772486E-04
+2.3000000E+00	+8.0181766E-04	-5.9545344E-04
+2.3010000E+00	+8.0708295E-04	-6.0334585E-04
+2.3020000E+00	+8.1239413E-04	-6.1140681E-04
+2.3030000E+00	+8.1775086E-04	-6.1964122E-04
+2.3040000E+00	+8.2315278E-04	-6.2805414E-04
+2.3050000E+00	+8.2859940E-04	-6.3665081E-04
+2.3060000E+00	+8.3409019E-04	-6.4543664E-04
+2.3070000E+00	+8.3962451E-04	-6.5441727E-04
+2.3080000E+00	+8.4520161E-04	-6.6359848E-04
+2.3090000E+00	+8.5082067E-04	-6.7298632E-04
+2.3100000E+00	+8.5648072E-04	-6.8258699E-04
+2.3110000E+00	+8.6218068E-04	-6.9240696E-04
+2.3120000E+00	+8.6791935E-04	-7.0245290E-04
+2.3130000E+00	+8.7369537E-04	-7.1273173E-04
+2.3140000E+00	+8.7950723E-04	-7.2325062E-04
+2.3150000E+00	+8.8535326E-04	-7.3401699E-04
+2.3160000E+00	+8.9123159E-04	-7.4503853E-04
+2.3170000E+00	+8.9714019E-04	-7.5632319E-04
+2.3180000E+00	+9.0307680E-04	-7.6787922E-04
+2.3190000E+00	+9.0903892E-04	-7.7971517E-04
+2.3200000E+00	+9.1502384E-04	-7.9183987E-04
+2.3210000E+00	+9.2102856E-04	-8.0426249E-04
+2.3220000E+00	+9.2704982E-04	-8.1699252E-04
+2.3230000E+00	+9.3308404E-04	-8.3003978E-04
+2.3240000E+00	+9.3912731E-04	-8.4341444E-04
+2.3250000E+00	+9.4517538E-04	-8.5712704E-04
+2.3260000E+00	+9.5122362E-04	-8.7118846E-04
+2.3270000E+00	+9.5726698E-04	-8.8560999E-04
+2.3280000E+00	+9.6329997E-04	-9.0040330E-04
+2.3290000E+00	+9.6931663E-04	-9.1558045E-04
+2.3300000E+00	+9.7531049E-04	-9.3115393E-04
+2.3310000E+00	+9.8127451E-04	-9.4713664E-04
+2.3320000E+00	+9.8720108E-04	-9.6354190E-04
+2.3330000E+00	+9.9308194E-04	-9.8038348E-04
+2.3340000E+00	+9.9890815E-04	-9.9767559E-04
+2.3350000E+00	+1.0046700E-03	-1.0154329E-03
+2.3360000E+00	+1.0103571E-03	-1.0336705E-03
+2.3370000E+00	+1.0159579E-03	-1.0524039E-03
+2.3380000E+00	+1.0214604E-03	-1.0716493E-03
+2.3390000E+00	+1.0268512E-03	-1.0914230E-03
+2.3400000E+00	+1.0321159E-03	-1.1117420E-03
+2.3410000E+00	+1.0372392E-03	-1.1326237E-03
+2.3420000E+00	+1.0422044E-03	-1.1540859E-03
+2.3430000E+00	+1.0469934E-03	-1.1761467E-03
+2.3440000E+00	+1.0515867E-03	-1.1988249E-03
+2.3450000E+00	+1.0559635E-03	-1.2221393E-03
+2.3460000E+00	+1.0601011E-03	-1.2461093E-03
+2.3470000E+00	+1.0639753E-03	-1.2707544E-03
+2.3480000E+00	+1.0675597E-03	-1.2960946E-03
+2.3490000E+00	+1.0708261E-03	-1.3221497E-03
+2.3500000E+00	+1.0737443E-03	-1.3489400E-03
+2.3510000E+00	+1.0762815E-03	-1.3764855E-03
+2.3520000E+00	+1.0784027E-03	-1.4048063E-03
+2.3530000E+00	+1.0800701E-03	-1.4339223E-03
+2.3540000E+00	+1.0812433E-03	-1.4638530E-03
+2.3550000E+00	+1.0818789E-03	-1.4946175E-03
+2.3560000E+00	+1.0819304E-03	-1.5262341E-03
+2.3570000E+00	+1.0813479E-03	-1.5587204E-03
+2.3580000E+00	+1.0800782E-03	-1.5920928E-03
+2.3590000E+00	+1.0780642E-03	-1.6263665E-03
+2.3600000E+00	+1.0752452E-03	-1.6615549E-03
+2.3610000E+00	+1.0715563E-03	-1.6976694E-03
+2.3620000E+00	+1.0669284E-03	-1.7347192E-03
+2.3630000E+00	+1.0612882E-03	-1.7727106E-03
+2.3640000E+00	+1.0545578E-03	-1.8116467E-03
+2.3650000E+00	+1.0466545E-03	-1.8515270E-03
+2.3660000E+00	+1.0374913E-03	-1.8923464E-03
+2.3670000E+00	+1.0269760E-03	-1.9340951E-03
+2.3680000E+00	+1.0150121E-03	-1.9767576E-03
+2.3690000E+00	+1.0014980E-03	-2.0203119E-03
+2.3700000E+00	+9.8632767E-04	-2.0647292E-03
+2.3710000E+00	+9.6939076E-04	-2.1099722E-03
+2.3720000E+00	+9.5057278E-04	-2.1559951E-03
+2.3730000E+00	+9.2975560E-04	-2.2027419E-03
+2.3740000E+00	+9.0681797E-04	-2.2501457E-03
+2.3750000E+00	+8.8163624E-04	-2.2981280E-03
+2.3760000E+00	+8.5408521E-04	-2.3465968E-03
+2.3770000E+00	+8.2403916E-04	-2.3954464E-03
+2.3780000E+00	+7.9137311E-04	-2.4445558E-03
+2.3790000E+00	+7.5596430E-04	-2.4937883E-03
+2.3800000E+00	+7.1769388E-04	-2.5429898E-03
+2.3810000E+00	+6.7644884E-04	-2.5919889E-03
+2.3820000E+00	+6.3212419E-04	-2.6405959E-03
+2.3830000E+00	+5.8462540E-04	-2.6886025E-03
+2.3840000E+00	+5.3387105E-04	-2.7357818E-03
+2.3850000E+00	+4.7979567E-04	-2.7818884E-03
+2.3860000E+00	+4.2235275E-04	-2.8266597E-03
+2.3870000E+00	+3.6151787E-04	-2.8698163E-03
+2.3880000E+00	+2.9729190E-04	-2.9110642E-03
+2.3890000E+00	+2.2970407E-04	-2.9500968E-03
+2.3900000E+00	+1.5881504E-04	-2.9865980E-03
+2.3910000E+00	+8.4719551E-05	-3.0202454E-03
+2.3920000E+00	+7.5488107E-06	-3.0507146E-03
+2.3930000E+00	-7.2527673E-05	-3.0776839E-03
+2.3940000E+00	-1.5530093E-04	-3.1008390E-03
+2.3950000E+00	-2.4052212E-04	-3.1198793E-03
+2.3960000E+00	-3.2790306E-04	-3.1345233E-03
+2.3970000E+00	-4.1711771E-04	-3.1445145E-03
+2.3980000E+00	-5.0780471E-04	-3.1496279E-03
+2.3990000E+00	-5.9957102E-04	-3.1496751E-03
+2.4000000E+00	-6.9199654E-04	-3.1445097E-03
+2.4010000E+00	-7.8463979E-04	-3.1340315E-03
+2.4020000E+00	-8.7704429E-04	-3.1181907E-03
+2.4030000E+00	-9.6874574E-04	-3.0969893E-03
+2.4040000E+00	-1.0592795E-03	-3.0704834E-03
+2.4050000E+00	-1.1481884E-03	-3.0387823E-03
+2.4060000E+00	-1.2350303E-03	-3.0020475E-03
+2.4070000E+00	-1.3193854E-03	-2.9604897E-03
+2.4080000E+00	-1.4008630E-03	-2.9143650E-03
+2.4090000E+00	-1.4791076E-03	-2.8639702E-03
+2.4100000E+00	-1.5538031E-03	-2.8096364E-03
+2.4110000E+00	-1.6246773E-03	-2.7517229E-03
+2.4120000E+00	-1.6915043E-03	-2.6906103E-03
+2.4130000E+00	-1.7541052E-03	-2.6266933E-03
+2.4140000E+00	-1.8123492E-03	-2.5603743E-03
+2.4150000E+00	-1.8661520E-03	-2.4920563E-03
+2.4160000E+00	-1.9154739E-03	-2.4221370E-03
+2.4170000E+00	-1.9603174E-03	-2.3510034E-03
+2.4180000E+00	-2.0007234E-03	-2.2790271E-03
+2.4190000E+00	-2.0367679E-03	-2.2065602E-03
+2.4200000E+00	-2.0685569E-03	-2.1339325E-03
+2.4210000E+00	-2.0962228E-03	-2.0614488E-03
+2.4220000E+00	-2.1199198E-03	-1.9893876E-03
+2.4230000E+00	-2.1398195E-03	-1.9180002E-03
+2.4240000E+00	-2.1561072E-03	-1.8475105E-03
+2.4250000E+00	-2.1689776E-03	-1.7781151E-03
+2.4260000E+00	-2.1786317E-03	-1.7099845E-03
+2.4270000E+00	-2.1852739E-03	-1.6432637E-03
+2.4280000E+00	-2.1891088E-03	-1.5780739E-03
+2.4290000E+00	-2.1903391E-03	-1.5145139E-03
+2.4300000E+00	-2.1891640E-03	-1.4526621E-03
+2.4310000E+00	-2.1857771E-03	-1.3925779E-03
+2.4320000E+00	-2.1803651E-03	-1.3343039E-03
+2.4330000E+00	-2.1731074E-03	-1.2778672E-03
+2.4340000E+00	-2.1641747E-03	-1.2232816E-03
+2.4350000E+00	-2.1537290E-03	-1.1705490E-03
+2.4360000E+00	-2.1419230E-03	-1.1196610E-03
+2.4370000E+00	-2.1289001E-03	-1.0706002E-03
+2.4380000E+00	-2.1147946E-03	-1.0233420E-03
+2.4390000E+00	-2.0997312E-03	-9.7785508E-04
+2.4400000E+00	-2.0838260E-03	-9.3410321E-04
+2.4410000E+00	-2.0671864E-03	-8.9204578E-04
+2.4420000E+00	-2.0499114E-03	-8.5163888E-04
+2.4430000E+00	-2.0320919E-03	-8.1283601E-04
+2.4440000E+00	-2.0138116E-03	-7.7558878E-04
+2.4450000E+00	-1.9951469E-03	-7.3984748E-04
+2.4460000E+00	-1.9761675E-03	-7.0556165E-04
+2.4470000E+00	-1.9569368E-03	-6.7268043E-04
+2.4480000E+00	-1.9375126E-03	-6.4115303E-04
+2.4490000E+00	-1.9179470E-03	-6.1092895E-04
+2.4500000E+00	-1.8982872E-03	-5.8195834E-04
+2.4510000E+00	-1.8785757E-03	-5.5419213E-04
+2.4520000E+00	-1.8588508E-03	-5.2758227E-04
+2.4530000E+00	-1.8391467E-03	-5.0208183E-04
+2.4540000E+00	-1.8194940E-03	-4.7764513E-04
+2.4550000E+00	-1.7999201E-03	-4.5422784E-04
+2.4560000E+00	-1.7804492E-03	-4.3178698E-04
+2.4570000E+00	-1.7611028E-03	-4.1028103E-04
+2.4580000E+00	-1.7418999E-03	-3.8966992E-04
+2.4590000E+00	-1.7228570E-03	-3.6991503E-04
+2.4600000E+00	-1.7039887E-03	-3.5097923E-04
+2.4610000E+00	-1.6853075E-03	-3.3282683E-04
+2.4620000E+00	-1.6668243E-03	-3.1542355E-04
+2.4630000E+00	-1.6485484E-03	-2.9873656E-04
+2.4640000E+00	-1.6304877E-03	-2.8273438E-04
+2.4650000E+00	-1.6126487E-03	-2.6738687E-04
+2.4660000E+00	-1.5950369E-03	-2.5266521E-04
+2.4670000E+00	-1.5776566E-03	-2.3854182E-04
+2.4680000E+00	-1.5605113E-03	-2.2499038E-04
+2.4690000E+00	-1.5436036E-03	-2.1198570E-04
+2.4700000E+00	-1.5269352E-03	-1.9950376E-04
+2.4710000E+00	-1.5105074E-03	-1.8752161E-04
+2.4720000E+00	-1.4943207E-03	-1.7601736E-04
+2.4730000E+00	-1.4783750E-03	-1.6497011E-04
+2.4740000E+00	-1.4626700E-03	-1.5435995E-04
+2.4750000E+00	-1.4472048E-03	-1.4416785E-04
+2.4760000E+00	-1.4319780E-03	-1.3437569E-04
+2.4770000E+00	-1.4169881E-03	-1.2496618E-04
+2.4780000E+00	-1.4022332E-03	-1.1592283E-04
+2.4790000E+00	-1.3877112E-03	-1.0722992E-04
+2.4800000E+00	-1.3734196E-03	-9.8872466E-05
+2.4810000E+00	-1.3593559E-03	-9.0836165E-05
+2.4820000E+00	-1.3455174E-03	-8.3107388E-05
+2.4830000E+00	-1.3319012E-03	-7.5673135E-05
+2.4840000E+00	-1.3185044E-03	-6.8521009E-05
+2.4850000E+00	-1.3053239E-03	-6.1639182E-05
+2.4860000E+00	-1.2923565E-03	-5.5016376E-05
+2.4870000E+00	-1.2795990E-03	-4.8641830E-05
+2.4880000E+00	-1.2670481E-03	-4.2505275E-05
+2.4890000E+00	-1.2547005E-03	-3.6596914E-05
+2.4900000E+00	-1.2425529E-03	-3.0907397E-05
+2.4910000E+00	-1.2306019E-03	-2.5427798E-05
+2.4920000E+00	-1.2188441E-03	-2.0149598E-05
+2.4930000E+00	-1.2072763E-03	-1.5064661E-05
+2.4940000E+00	-1.1958950E-03	-1.0165217E-05
+2.4950000E+00	-1.1846969E-03	-5.4438457E-06
+2.4960000E+00	-1.1736786E-03	-8.9345850E-07
+2.4970000E+00	-1.1628370E-03	+3.4927183E-06
+2.4980000E+00	-1.1521688E-03	+7.7211579E-06
+2.4990000E+00	-1.1416706E-03	+1.1798048E-05
+2.5000000E+00	-1.1313393E-03	+1.5729303E-05
+2.5010000E+00	-1.1211718E-03	+1.9520580E-05
+2.5020000E+00	-1.1111650E-03	+2.3177290E-05
+2.5030000E+00	-1.1013158E-03	+2.6704606E-05
+2.5040000E+00	-1.0916211E-03	+3.0107481E-05
+2.5050000E+00	-1.0820780E-03	+3.3390653E-05
+2.5060000E+00	-1.0726835E-03	+3.6558657E-05
+2.5070000E+00	-1.0634349E-03	+3.9615837E-05
+2.5080000E+00	-1.0543292E-03	+4.2566351E-05
+2.5090000E+00	-1.0453637E-03	+4.5414180E-05
+2.5100000E+00	-1.0365356E-03	+4.8163142E-05
+2.5110000E+00	-1.0278423E-03	+5.0816891E-05
+2.5120000E+00	-1.0192811E-03	+5.3378931E-05
+2.5130000E+00	-1.0108495E-03	+5.5852621E-05
+2.5140000E+00	-1.0025449E-03	+5.8241181E-05
+2.5150000E+00	-9.9436485E-04	+6.0547699E-05
+2.5160000E+00	-9.8630696E-04	+6.2775137E-05
+2.5170000E+00	-9.7836882E-04	+6.4926337E-05
+2.5180000E+00	-9.7054810E-04	+6.7004025E-05
+2.5190000E+00	-9.6284253E-04	+6.9010819E-05
+2.5200000E+00	-9.5524986E-04	+7.0949230E-05
+2.5210000E+00	-9.4776791E-04	+7.2821671E-05
+2.5220000E+00	-9.4039454E-04	+7.4630459E-05
+2.5230000E+00	-9.3312766E-04	+7.6377819E-05
+2.5240000E+00	-9.2596521E-04	+7.8065888E-05
+2.5250000E+00	-9.1890519E-04	+7.9696721E-05
+2.5260000E+00	-9.1194564E-04	+8.1272292E-05
+2.5270000E+00	-9.0508463E-04	+8.2794499E-05
+2.5280000E+00	-8.9832028E-04	+8.4265168E-05
+2.5290000E+00	-8.9165076E-04	+8.5686052E-05
+2.5300000E+00	-8.8507426E-04	+8.7058840E-05
+2.5310000E+00	-8.7858904E-04	+8.8385157E-05
+2.5320000E+00	-8.7219336E-04	+8.9666564E-05
+2.5330000E+00	-8.6588555E-04	+9.0904566E-05
+2.5340000E+00	-8.5966396E-04	+9.2100610E-05
+2.5350000E+00	-8.5352698E-04	+9.3256089E-05
+2.5360000E+00	-8.4747304E-04	+9.4372347E-05
+2.5370000E+00	-8.4150059E-04	+9.5450675E-05
+2.5380000E+00	-8.3560813E-04	+9.6492319E-05
+2.5390000E+00	-8.2979418E-04	+9.7498477E-05
+2.5400000E+00	-8.2405731E-04	+9.8470307E-05
+2.5410000E+00	-8.1839611E-04	+9.9408922E-05
+2.5420000E+00	-8.1280919E-04	+1.0031540E-04
+2.5430000E+00	-8.0729522E-04	+1.0119077E-04
+2.5440000E+00	-8.0185286E-04	+1.0203603E-04
+2.5450000E+00	-7.9648083E-04	+1.0285215E-04
+2.5460000E+00	-7.9117787E-04	+1.0364005E-04
+2.5470000E+00	-7.8594275E-04	+1.0440063E-04
+2.5480000E+00	-7.8077425E-04	+1.0513476E-04
+2.5490000E+00	-7.7567119E-04	+1.0584328E-04
+2.5500000E+00	-7.7063243E-04	+1.0652697E-04
+2.5510000E+00	-7.6565682E-04	+1.0718663E-04
+2.5520000E+00	-7.6074326E-04	+1.0782301E-04
+2.5530000E+00	-7.5589067E-04	+1.0843683E-04
+2.5540000E+00	-7.5109798E-04	+1.0902878E-04
+2.5550000E+00	-7.4636417E-04	+1.0959956E-04
+2.5560000E+00	-7.4168821E-04	+1.1014980E-04
+2.5570000E+00	-7.3706912E-04	+1.1068015E-04
+2.5580000E+00	-7.3250592E-04	+1.1119121E-04
+2.5590000E+00	-7.2799765E-04	+1.1168357E-04
+2.5600000E+00	-7.2354339E-04	+1.1215781E-04
+2.5610000E+00	-7.1914223E-04	+1.1261447E-04
+2.5620000E+00	-7.1479327E-04	+1.1305409E-04
+2.5630000E+00	-7.1049563E-04	+1.1347718E-04
+2.5640000E+00	-7.0624847E-04	+1.1388425E-04
+2.5650000E+00	-7.0205095E-04	+1.1427577E-04
+2.5660000E+00	-6.9790223E-04	+1.1465221E-04
+2.5670000E+00	-6.9380153E-04	+1.1501403E-04
+2.5680000E+00	-6.8974804E-04	+1.1536166E-04
+2.5690000E+00	-6.8574101E-04	+1.1569553E-04
+2.5700000E+00	-6.8177968E-04	+1.1601604E-04
+2.5710000E+00	-6.7786330E-04	+1.1632359E-04
+2.5720000E+00	-6.7399115E-04	+1.1661857E-04
+2.5730000E+00	-6.7016253E-04	+1.1690135E-04
+2.5740000E+00	-6.6637673E-04	+1.1717228E-04
+2.5750000E+00	-6.6263307E-04	+1.1743172E-04
+2.5760000E+00	-6.5893089E-04	+1.1768001E-04
+2.5770000E+00	-6.5526953E-04	+1.1791747E-04
+2.5780000E+00	-6.5164835E-04	+1.1814442E-04
+2.5790000E+00	-6.4806672E-04	+1.1836117E-04
+2.5800000E+00	-6.4452402E-04	+1.1856801E-04
+2.5810000E+00	-6.4101966E-04	+1.1876525E-04
+2.5820000E+00	-6.3755303E-04	+1.1895314E-04
+2.5830000E+00	-6.3412356E-04	+1.1913198E-04
+2.5840000E+00	-6.3073068E-04	+1.1930201E-04
+2.5850000E+00	-6.2737383E-04	+1.1946350E-04
+2.5860000E+00	-6.2405246E-04	+1.1961670E-04
+2.5870000E+00	-6.2076603E-04	+1.1976184E-04
+2.5880000E+00	-6.1751402E-04	+1.1989916E-04
+2.5890000E+00	-6.1429592E-04	+1.2002888E-04
+2.5900000E+00	-6.1111121E-04	+1.2015123E-04
+2.5910000E+00	-6.0795939E-04	+1.2026642E-04
+2.5920000E+00	-6.0483999E-04	+1.2037464E-04
+2.5930000E+00	-6.0175252E-04	+1.2047612E-04
+2.5940000E+00	-5.9869652E-04	+1.2057103E-04
+2.5950000E+00	-5.9567152E-04	+1.2065957E-04
+2.5960000E+00	-5.9267707E-04	+1.2074193E-04
+2.5970000E+00	-5.8971272E-04	+1.2081827E-04
+2.5980000E+00	-5.8677805E-04	+1.2088878E-04
+2.5990000E+00	-5.8387263E-04	+1.2095362E-04
+2.6000000E+00	-5.8099603E-04	+1.2101296E-04
+2.6010000E+00	-5.7814784E-04	+1.2106695E-04
+2.6020000E+00	-5.7532767E-04	+1.2111575E-04
+2.6030000E+00	-5.7253511E-04	+1.2115950E-04
+2.6040000E+00	-5.6976977E-04	+1.2119836E-04
+2.6050000E+00	-5.6703128E-04	+1.2123247E-04
+2.6060000E+00	-5.6431925E-04	+1.2126196E-04
+2.6070000E+00	-5.6163332E-04	+1.2128696E-04
+2.6080000E+00	-5.5897313E-04	+1.2130761E-04
+2.6090000E+00	-5.5633832E-04	+1.2132404E-04
+2.6100000E+00	-5.5372853E-04	+1.2133635E-04
+2.6110000E+00	-5.5114344E-04	+1.2134468E-04
+2.6120000E+00	-5.4858269E-04	+1.2134915E-04
+2.6130000E+00	-5.4604597E-04	+1.2134985E-04
+2.6140000E+00	-5.4353294E-04	+1.2134691E-04
+2.6150000E+00	-5.4104328E-04	+1.2134042E-04
+2.6160000E+00	-5.3857668E-04	+1.2133050E-04
+2.6170000E+00	-5.3613284E-04	+1.2131725E-04
+2.6180000E+00	-5.3371144E-04	+1.2130075E-04
+2.6190000E+00	-5.3131219E-04	+1.2128111E-04
+2.6200000E+00	-5.2893480E-04	+1.2125843E-04
+2.6210000E+00	-5.2657898E-04	+1.2123278E-04
+2.6220000E+00	-5.2424445E-04	+1.2120426E-04
+2.6230000E+00	-5.2193092E-04	+1.2117296E-04
+2.6240000E+00	-5.1963813E-04	+1.2113896E-04
+2.6250000E+00	-5.1736580E-04	+1.2110233E-04
+2.6260000E+00	-5.1511367E-04	+1.2106316E-04
+2.6270000E+00	-5.1288148E-04	+1.2102153E-04
+2.6280000E+00	-5.1066898E-04	+1.2097750E-04
+2.6290000E+00	-5.0847591E-04	+1.2093116E-04
+2.6300000E+00	-5.0630203E-04	+1.2088257E-04
+2.6310000E+00	-5.0414709E-04	+1.2083180E-04
+2.6320000E+00	-5.0201086E-04	+1.2077892E-04
+2.6330000E+00	-4.9989309E-04	+1.2072400E-04
+2.6340000E+00	-4.9779356E-04	+1.2066709E-04
+2.6350000E+00	-4.9571204E-04	+1.2060827E-04
+2.6360000E+00	-4.9364830E-04	+1.2054758E-04
+2.6370000E+00	-4.9160213E-04	+1.2048510E-04
+2.6380000E+00	-4.8957330E-04	+1.2042087E-04
+2.6390000E+00	-4.8756162E-04	+1.2035495E-04
+2.6400000E+00	-4.8556685E-04	+1.2028740E-04
+2.6410000E+00	-4.8358880E-04	+1.2021828E-04
+2.6420000E+00	-4.8162727E-04	+1.2014762E-04
+2.6430000E+00	-4.7968206E-04	+1.2007549E-04
+2.6440000E+00	-4.7775296E-04	+1.2000192E-04
+2.6450000E+00	-4.7583978E-04	+1.1992698E-04
+2.6460000E+00	-4.7394234E-04	+1.1985070E-04
+2.6470000E+00	-4.7206044E-04	+1.1977313E-04
+2.6480000E+00	-4.7019390E-04	+1.1969432E-04
+2.6490000E+00	-4.6834254E-04	+1.1961431E-04
+2.6500000E+00	-4.6650617E-04	+1.1953313E-04
+2.6510000E+00	-4.6468463E-04	+1.1945084E-04
+2.6520000E+00	-4.6287774E-04	+1.1936747E-04
+2.6530000E+00	-4.6108533E-04	+1.1928305E-04
+2.6540000E+00	-4.5930722E-04	+1.1919764E-04
+2.6550000E+00	-4.5754325E-04	+1.1911126E-04
+2.6560000E+00	-4.5579327E-04	+1.1902395E-04
+2.6570000E+00	-4.5405710E-04	+1.1893575E-04
+2.6580000E+00	-4.5233459E-04	+1.1884669E-04
+2.6590000E+00	-4.5062558E-04	+1.1875680E-04
+2.6600000E+00	-4.4892993E-04	+1.1866612E-04
+2.6610000E+00	-4.4724747E-04	+1.1857468E-04
+2.6620000E+00	-4.4557805E-04	+1.1848250E-04
+2.6630000E+00	-4.4392154E-04	+1.1838963E-04
+2.6640000E+00	-4.4227779E-04	+1.1829609E-04
+2.6650000E+00	-4.4064664E-04	+1.1820190E-04
+2.6660000E+00	-4.3902797E-04	+1.1810710E-04
+2.6670000E+00	-4.3742164E-04	+1.1801171E-04
+2.6680000E+00	-4.3582750E-04	+1.1791576E-04
+2.6690000E+00	-4.3424542E-04	+1.1781928E-04
+2.6700000E+00	-4.3267527E-04	+1.1772228E-04
+2.6710000E+00	-4.3111691E-04	+1.1762481E-04
+2.6720000E+00	-4.2957023E-04	+1.1752687E-04
+2.6730000E+00	-4.2803509E-04	+1.1742850E-04
+2.6740000E+00	-4.2651137E-04	+1.1732972E-04
+2.6750000E+00	-4.2499893E-04	+1.1723054E-04
+2.6760000E+00	-4.2349767E-04	+1.1713099E-04
+2.6770000E+00	-4.2200746E-04	+1.1703110E-04
+2.6780000E+00	-4.2052819E-04	+1.1693088E-04
+2.6790000E+00	-4.1905972E-04	+1.1683036E-04
+2.6800000E+00	-4.1760196E-04	+1.1672955E-04
+2.6810000E+00	-4.1615479E-04	+1.1662847E-04
+2.6820000E+00	-4.1471809E-04	+1.1652714E-04
+2.6830000E+00	-4.1329175E-04	+1.1642559E-04
+2.6840000E+00	-4.1187568E-04	+1.1632382E-04
+2.6850000E+00	-4.1046974E-04	+1.1622186E-04
+2.6860000E+00	-4.0907386E-04	+1.1611972E-04
+2.6870000E+00	-4.0768791E-04	+1.1601742E-04
+2.6880000E+00	-4.0631179E-04	+1.1591498E-04
+2.6890000E+00	-4.0494541E-04	+1.1581241E-04
+2.6900000E+00	-4.0358866E-04	+1.1570972E-04
+2.6910000E+00	-4.0224144E-04	+1.1560694E-04
+2.6920000E+00	-4.0090366E-04	+1.1550408E-04
+2.6930000E+00	-3.9957522E-04	+1.1540115E-04
+2.6940000E+00	-3.9825602E-04	+1.1529817E-04
+2.6950000E+00	-3.9694598E-04	+1.1519515E-04
+2.6960000E+00	-3.9564499E-04	+1.1509210E-04
+2.6970000E+00	-3.9435297E-04	+1.1498904E-04
+2.6980000E+00	-3.9306983E-04	+1.1488597E-04
+2.6990000E+00	-3.9179548E-04	+1.1478292E-04
+2.7000000E+00	-3.9052982E-04	+1.1467990E-04
+2.7010000E+00	-3.8927278E-04	+1.1457691E-04
+2.7020000E+00	-3.8802427E-04	+1.1447397E-04
+2.7030000E+00	-3.8678420E-04	+1.1437109E-04
+2.7040000E+00	-3.8555250E-04	+1.1426828E-04
+2.7050000E+00	-3.8432907E-04	+1.1416555E-04
+2.7060000E+00	-3.8311384E-04	+1.1406292E-04
+2.7070000E+00	-3.8190673E-04	+1.1396038E-04
+2.7080000E+00	-3.8070765E-04	+1.1385796E-04
+2.7090000E+00	-3.7951654E-04	+1.1375567E-04
+2.7100000E+00	-3.7833331E-04	+1.1365350E-04
+2.7110000E+00	-3.7715788E-04	+1.1355148E-04
+2.7120000E+00	-3.7599019E-04	+1.1344960E-04
+2.7130000E+00	-3.7483015E-04	+1.1334789E-04
+2.7140000E+00	-3.7367770E-04	+1.1324635E-04
+2.7150000E+00	-3.7253277E-04	+1.1314498E-04
+2.7160000E+00	-3.7139527E-04	+1.1304380E-04
+2.7170000E+00	-3.7026514E-04	+1.1294282E-04
+2.7180000E+00	-3.6914231E-04	+1.1284203E-04
+2.7190000E+00	-3.6802672E-04	+1.1274146E-04
+2.7200000E+00	-3.6691828E-04	+1.1264110E-04
+2.7210000E+00	-3.6581695E-04	+1.1254097E-04
+2.7220000E+00	-3.6472264E-04	+1.1244107E-04
+2.7230000E+00	-3.6363530E-04	+1.1234141E-04
+2.7240000E+00	-3.6255486E-04	+1.1224199E-04
+2.7250000E+00	-3.6148126E-04	+1.1214283E-04
+2.7260000E+00	-3.6041442E-04	+1.1204393E-04
+2.7270000E+00	-3.5935430E-04	+1.1194530E-04
+2.7280000E+00	-3.5830083E-04	+1.1184693E-04
+2.7290000E+00	-3.5725394E-04	+1.1174885E-04
+2.7300000E+00	-3.5621359E-04	+1.1165105E-04
+2.7310000E+00	-3.5517970E-04	+1.1155354E-04
+2.7320000E+00	-3.5415222E-04	+1.1145633E-04
+2.7330000E+00	-3.5313109E-04	+1.1135942E-04
+2.7340000E+00	-3.5211626E-04	+1.1126281E-04
+2.7350000E+00	-3.5110766E-04	+1.1116652E-04
+2.7360000E+00	-3.5010525E-04	+1.1107055E-04
+2.7370000E+00	-3.4910896E-04	+1.1097490E-04
+2.7380000E+00	-3.4811874E-04	+1.1087958E-04
+2.7390000E+00	-3.4713454E-04	+1.1078460E-04
+2.7400000E+00	-3.4615631E-04	+1.1068995E-04
+2.7410000E+00	-3.4518398E-04	+1.1059564E-04
+2.7420000E+00	-3.4421752E-04	+1.1050168E-04
+2.7430000E+00	-3.4325686E-04	+1.1040808E-04
+2.7440000E+00	-3.4230195E-04	+1.1031483E-04
+2.7450000E+00	-3.4135276E-04	+1.1022194E-04
+2.7460000E+00	-3.4040922E-04	+1.1012941E-04
+2.7470000E+00	-3.3947128E-04	+1.1003726E-04
+2.7480000E+00	-3.3853891E-04	+1.0994547E-04
+2.7490000E+00	-3.3761204E-04	+1.0985406E-04
+2.7500000E+00	-3.3669063E-04	+1.0976304E-04
+2.7510000E+00	-3.3577464E-04	+1.0967240E-04
+2.7520000E+00	-3.3486402E-04	+1.0958214E-04
+2.7530000E+00	-3.3395872E-04	+1.0949228E-04
+2.7540000E+00	-3.3305870E-04	+1.0940281E-04
+2.7550000E+00	-3.3216391E-04	+1.0931374E-04
+2.7560000E+00	-3.3127430E-04	+1.0922508E-04
+2.7570000E+00	-3.3038984E-04	+1.0913681E-04
+2.7580000E+00	-3.2951048E-04	+1.0904896E-04
+2.7590000E+00	-3.2863617E-04	+1.0896152E-04
+2.7600000E+00	-3.2776688E-04	+1.0887449E-04
+2.7610000E+00	-3.2690256E-04	+1.0878788E-04
+2.7620000E+00	-3.2604317E-04	+1.0870169E-04
+2.7630000E+00	-3.2518867E-04	+1.0861592E-04
+2.7640000E+00	-3.2433901E-04	+1.0853058E-04
+2.7650000E+00	-3.2349417E-04	+1.0844567E-04
+2.7660000E+00	-3.2265409E-04	+1.0836119E-04
+2.7670000E+00	-3.2181873E-04	+1.0827714E-04
+2.7680000E+00	-3.2098807E-04	+1.0819353E-04
+2.7690000E+00	-3.2016206E-04	+1.0811036E-04
+2.7700000E+00	-3.1934066E-04	+1.0802763E-04
+2.7710000E+00	-3.1852384E-04	+1.0794534E-04
+2.7720000E+00	-3.1771155E-04	+1.0786351E-04
+2.7730000E+00	-3.1690376E-04	+1.0778212E-04
+2.7740000E+00	-3.1610043E-04	+1.0770118E-04
+2.7750000E+00	-3.1530153E-04	+1.0762069E-04
+2.7760000E+00	-3.1450702E-04	+1.0754066E-04
+2.7770000E+00	-3.1371687E-04	+1.0746109E-04
+2.7780000E+00	-3.1293104E-04	+1.0738198E-04
+2.7790000E+00	-3.1214949E-04	+1.0730333E-04
+2.7800000E+00	-3.1137220E-04	+1.0722514E-04
+2.7810000E+00	-3.1059912E-04	+1.0714742E-04
+2.7820000E+00	-3.0983022E-04	+1.0707017E-04
+2.7830000E+00	-3.0906547E-04	+1.0699338E-04
+2.7840000E+00	-3.0830484E-04	+1.0691707E-04
+2.7850000E+00	-3.0754830E-04	+1.0684123E-04
+2.7860000E+00	-3.0679581E-04	+1.0676587E-04
+2.7870000E+00	-3.0604733E-04	+1.0669098E-04
+2.7880000E+00	-3.0530285E-04	+1.0661658E-04
+2.7890000E+00	-3.0456232E-04	+1.0654265E-04
+2.7900000E+00	-3.0382571E-04	+1.0646920E-04
+2.7910000E+00	-3.0309301E-04	+1.0639624E-04
+2.7920000E+00	-3.0236416E-04	+1.0632376E-04
+2.7930000E+00	-3.0163915E-04	+1.0625177E-04
+2.7940000E+00	-3.0091794E-04	+1.0618027E-04
+2.7950000E+00	-3.0020051E-04	+1.0610926E-04
+2.7960000E+00	-2.9948683E-04	+1.0603874E-04
+2.7970000E+00	-2.9877686E-04	+1.0596871E-04
+2.7980000E+00	-2.9807057E-04	+1.0589918E-04
+2.7990000E+00	-2.9736795E-04	+1.0583014E-04
+2.8000000E+00	-2.9666896E-04	+1.0576160E-04
+2.8010000E+00	-2.9597357E-04	+1.0569356E-04
+2.8020000E+00	-2.9528175E-04	+1.0562602E-04
+2.8030000E+00	-2.9459349E-04	+1.0555898E-04
+2.8040000E+00	-2.9390874E-04	+1.0549244E-04
+2.8050000E+00	-2.9322749E-04	+1.0542640E-04
+2.8060000E+00	-2.9254971E-04	+1.0536088E-04
+2.8070000E+00	-2.9187537E-04	+1.0529585E-04
+2.8080000E+00	-2.9120444E-04	+1.0523134E-04
+2.8090000E+00	-2.9053691E-04	+1.0516733E-04
+2.8100000E+00	-2.8987273E-04	+1.0510384E-04
+2.8110000E+00	-2.8921190E-04	+1.0504085E-04
+2.8120000E+00	-2.8855438E-04	+1.0497838E-04
+2.8130000E+00	-2.8790015E-04	+1.0491642E-04
+2.8140000E+00	-2.8724918E-04	+1.0485498E-04
+2.8150000E+00	-2.8660145E-04	+1.0479405E-04
+2.8160000E+00	-2.8595693E-04	+1.0473364E-04
+2.8170000E+00	-2.8531561E-04	+1.0467375E-04
+2.8180000E+00	-2.8467746E-04	+1.0461438E-04
+2.8190000E+00	-2.8404244E-04	+1.0455553E-04
+2.8200000E+00	-2.8341055E-04	+1.0449720E-04
+2.8210000E+00	-2.8278176E-04	+1.0443939E-04
+2.8220000E+00	-2.8215604E-04	+1.0438211E-04
+2.8230000E+00	-2.8153337E-04	+1.0432535E-04
+2.8240000E+00	-2.8091374E-04	+1.0426912E-04
+2.8250000E+00	-2.8029711E-04	+1.0421341E-04
+2.8260000E+00	-2.7968346E-04	+1.0415824E-04
+2.8270000E+00	-2.7907278E-04	+1.0410359E-04
+2.8280000E+00	-2.7846504E-04	+1.0404947E-04
+2.8290000E+00	-2.7786022E-04	+1.0399588E-04
+2.8300000E+00	-2.7725829E-04	+1.0394282E-04
+2.8310000E+00	-2.7665925E-04	+1.0389030E-04
+2.8320000E+00	-2.7606306E-04	+1.0383831E-04
+2.8330000E+00	-2.7546971E-04	+1.0378686E-04
+2.8340000E+00	-2.7487917E-04	+1.0373594E-04
+2.8350000E+00	-2.7429143E-04	+1.0368556E-04
+2.8360000E+00	-2.7370646E-04	+1.0363572E-04
+2.8370000E+00	-2.7312424E-04	+1.0358642E-04
+2.8380000E+00	-2.7254476E-04	+1.0353765E-04
+2.8390000E+00	-2.7196800E-04	+1.0348943E-04
+2.8400000E+00	-2.7139393E-04	+1.0344175E-04
+2.8410000E+00	-2.7082253E-04	+1.0339461E-04
+2.8420000E+00	-2.7025380E-04	+1.0334802E-04
+2.8430000E+00	-2.6968769E-04	+1.0330197E-04
+2.8440000E+00	-2.6912421E-04	+1.0325647E-04
+2.8450000E+00	-2.6856333E-04	+1.0321151E-04
+2.8460000E+00	-2.6800503E-04	+1.0316710E-04
+2.8470000E+00	-2.6744929E-04	+1.0312324E-04
+2.8480000E+00	-2.6689610E-04	+1.0307993E-04
+2.8490000E+00	-2.6634543E-04	+1.0303717E-04
+2.8500000E+00	-2.6579727E-04	+1.0299496E-04
+2.8510000E+00	-2.6525160E-04	+1.0295330E-04
+2.8520000E+00	-2.6470840E-04	+1.0291220E-04
+2.8530000E+00	-2.6416766E-04	+1.0287165E-04
+2.8540000E+00	-2.6362935E-04	+1.0283166E-04
+2.8550000E+00	-2.6309347E-04	+1.0279222E-04
+2.8560000E+00	-2.6255999E-04	+1.0275334E-04
+2.8570000E+00	-2.6202889E-04	+1.0271502E-04
+2.8580000E+00	-2.6150016E-04	+1.0267726E-04
+2.8590000E+00	-2.6097379E-04	+1.0264006E-04
+2.8600000E+00	-2.6044975E-04	+1.0260341E-04
+2.8610000E+00	-2.5992803E-04	+1.0256734E-04
+2.8620000E+00	-2.5940862E-04	+1.0253182E-04
+2.8630000E+00	-2.5889148E-04	+1.0249687E-04
+2.8640000E+00	-2.5837662E-04	+1.0246248E-04
+2.8650000E+00	-2.5786402E-04	+1.0242866E-04
+2.8660000E+00	-2.5735365E-04	+1.0239541E-04
+2.8670000E+00	-2.5684551E-04	+1.0236273E-04
+2.8680000E+00	-2.5633957E-04	+1.0233061E-04
+2.8690000E+00	-2.5583582E-04	+1.0229906E-04
+2.8700000E+00	-2.5533425E-04	+1.0226809E-04
+2.8710000E+00	-2.5483484E-04	+1.0223769E-04
+2.8720000E+00	-2.5433758E-04	+1.0220786E-04
+2.8730000E+00	-2.5384244E-04	+1.0217861E-04
+2.8740000E+00	-2.5334942E-04	+1.0214993E-04
+2.8750000E+00	-2.5285850E-04	+1.0212182E-04
+2.8760000E+00	-2.5236967E-04	+1.0209430E-04
+2.8770000E+00	-2.5188291E-04	+1.0206735E-04
+2.8780000E+00	-2.5139820E-04	+1.0204099E-04
+2.8790000E+00	-2.5091553E-04	+1.0201520E-04
+2.8800000E+00	-2.5043490E-04	+1.0198999E-04
+2.8810000E+00	-2.4995627E-04	+1.0196537E-04
+2.8820000E+00	-2.4947965E-04	+1.0194133E-04
+2.8830000E+00	-2.4900501E-04	+1.0191788E-04
+2.8840000E+00	-2.4853234E-04	+1.0189502E-04
+2.8850000E+00	-2.4806162E-04	+1.0187274E-04
+2.8860000E+00	-2.4759285E-04	+1.0185105E-04
+2.8870000E+00	-2.4712601E-04	+1.0182994E-04
+2.8880000E+00	-2.4666109E-04	+1.0180943E-04
+2.8890000E+00	-2.4619806E-04	+1.0178952E-04
+2.8900000E+00	-2.4573693E-04	+1.0177019E-04
+2.8910000E+00	-2.4527767E-04	+1.0175146E-04
+2.8920000E+00	-2.4482027E-04	+1.0173332E-04
+2.8930000E+00	-2.4436472E-04	+1.0171579E-04
+2.8940000E+00	-2.4391101E-04	+1.0169884E-04
+2.8950000E+00	-2.4345912E-04	+1.0168250E-04
+2.8960000E+00	-2.4300904E-04	+1.0166676E-04
+2.8970000E+00	-2.4256076E-04	+1.0165162E-04
+2.8980000E+00	-2.4211426E-04	+1.0163708E-04
+2.8990000E+00	-2.4166953E-04	+1.0162315E-04
+2.9000000E+00	-2.4122656E-04	+1.0160982E-04
+2.9010000E+00	-2.4078533E-04	+1.0159710E-04
+2.9020000E+00	-2.4034584E-04	+1.0158498E-04
+2.9030000E+00	-2.3990807E-04	+1.0157348E-04
+2.9040000E+00	-2.3947200E-04	+1.0156258E-04
+2.9050000E+00	-2.3903764E-04	+1.0155230E-04
+2.9060000E+00	-2.3860496E-04	+1.0154263E-04
+2.9070000E+00	-2.3817394E-04	+1.0153358E-04
+2.9080000E+00	-2.3774459E-04	+1.0152514E-04
+2.9090000E+00	-2.3731689E-04	+1.0151731E-04
+2.9100000E+00	-2.3689082E-04	+1.0151011E-04
+2.9110000E+00	-2.3646638E-04	+1.0150352E-04
+2.9120000E+00	-2.3604354E-04	+1.0149756E-04
+2.9130000E+00	-2.3562231E-04	+1.0149222E-04
+2.9140000E+00	-2.3520267E-04	+1.0148750E-04
+2.9150000E+00	-2.3478460E-04	+1.0148341E-04
+2.9160000E+00	-2.3436809E-04	+1.0147995E-04
+2.9170000E+00	-2.3395314E-04	+1.0147711E-04
+2.9180000E+00	-2.3353974E-04	+1.0147491E-04
+2.9190000E+00	-2.3312786E-04	+1.0147333E-04
+2.9200000E+00	-2.3271750E-04	+1.0147239E-04
+2.9210000E+00	-2.3230865E-04	+1.0147208E-04
+2.9220000E+00	-2.3190129E-04	+1.0147241E-04
+2.9230000E+00	-2.3149542E-04	+1.0147338E-04
+2.9240000E+00	-2.3109103E-04	+1.0147498E-04
+2.9250000E+00	-2.3068809E-04	+1.0147723E-04
+2.9260000E+00	-2.3028661E-04	+1.0148011E-04
+2.9270000E+00	-2.2988657E-04	+1.0148365E-04
+2.9280000E+00	-2.2948796E-04	+1.0148782E-04
+2.9290000E+00	-2.2909076E-04	+1.0149264E-04
+2.9300000E+00	-2.2869497E-04	+1.0149811E-04
+2.9310000E+00	-2.2830059E-04	+1.0150423E-04
+2.9320000E+00	-2.2790758E-04	+1.0151101E-04
+2.9330000E+00	-2.2751595E-04	+1.0151843E-04
+2.9340000E+00	-2.2712569E-04	+1.0152651E-04
+2.9350000E+00	-2.2673678E-04	+1.0153525E-04
+2.9360000E+00	-2.2634921E-04	+1.0154465E-04
+2.9370000E+00	-2.2596297E-04	+1.0155470E-04
+2.9380000E+00	-2.2557805E-04	+1.0156542E-04
+2.9390000E+00	-2.2519445E-04	+1.0157680E-04
+2.9400000E+00	-2.2481215E-04	+1.0158884E-04
+2.9410000E+00	-2.2443113E-04	+1.0160156E-04
+2.9420000E+00	-2.2405140E-04	+1.0161494E-04
+2.9430000E+00	-2.2367293E-04	+1.0162899E-04
+2.9440000E+00	-2.2329572E-04	+1.0164372E-04
+2.9450000E+00	-2.2291976E-04	+1.0165911E-04
+2.9460000E+00	-2.2254504E-04	+1.0167519E-04
+2.9470000E+00	-2.2217155E-04	+1.0169194E-04
+2.9480000E+00	-2.2179927E-04	+1.0170937E-04
+2.9490000E+00	-2.2142820E-04	+1.0172749E-04
+2.9500000E+00	-2.2105832E-04	+1.0174628E-04
+2.9510000E+00	-2.2068964E-04	+1.0176576E-04
+2.9520000E+00	-2.2032212E-04	+1.0178593E-04
+2.9530000E+00	-2.1995578E-04	+1.0180679E-04
+2.9540000E+00	-2.1959059E-04	+1.0182834E-04
+2.9550000E+00	-2.1922654E-04	+1.0185058E-04
+2.9560000E+00	-2.1886363E-04	+1.0187352E-04
+2.9570000E+00	-2.1850184E-04	+1.0189715E-04
+2.9580000E+00	-2.1814117E-04	+1.0192149E-04
+2.9590000E+00	-2.1778161E-04	+1.0194652E-04
+2.9600000E+00	-2.1742314E-04	+1.0197226E-04
+2.9610000E+00	-2.1706575E-04	+1.0199870E-04
+2.9620000E+00	-2.1670944E-04	+1.0202585E-04
+2.9630000E+00	-2.1635419E-04	+1.0205370E-04
+2.9640000E+00	-2.1600000E-04	+1.0208227E-04
+2.9650000E+00	-2.1564685E-04	+1.0211156E-04
+2.9660000E+00	-2.1529474E-04	+1.0214155E-04
+2.9670000E+00	-2.1494365E-04	+1.0217227E-04
+2.9680000E+00	-2.1459358E-04	+1.0220370E-04
+2.9690000E+00	-2.1424451E-04	+1.0223586E-04
+2.9700000E+00	-2.1389643E-04	+1.0226873E-04
+2.9710000E+00	-2.1354934E-04	+1.0230234E-04
+2.9720000E+00	-2.1320322E-04	+1.0233667E-04
+2.9730000E+00	-2.1285807E-04	+1.0237174E-04
+2.9740000E+00	-2.1251388E-04	+1.0240753E-04
+2.9750000E+00	-2.1217063E-04	+1.0244406E-04
+2.9760000E+00	-2.1182831E-04	+1.0248133E-04
+2.9770000E+00	-2.1148692E-04	+1.0251934E-04
+2.9780000E+00	-2.1114644E-04	+1.0255808E-04
+2.9790000E+00	-2.1080687E-04	+1.0259757E-04
+2.9800000E+00	-2.1046819E-04	+1.0263781E-04
+2.9810000E+00	-2.1013039E-04	+1.0267880E-04
+2.9820000E+00	-2.0979348E-04	+1.0272053E-04
+2.9830000E+00	-2.0945742E-04	+1.0276302E-04
+2.9840000E+00	-2.0912222E-04	+1.0280626E-04
+2.9850000E+00	-2.0878787E-04	+1.0285026E-04
+2.9860000E+00	-2.0845435E-04	+1.0289502E-04
+2.9870000E+00	-2.0812166E-04	+1.0294054E-04
+2.9880000E+00	-2.0778977E-04	+1.0298683E-04
+2.9890000E+00	-2.0745870E-04	+1.0303388E-04
+2.9900000E+00	-2.0712842E-04	+1.0308171E-04
+2.9910000E+00	-2.0679892E-04	+1.0313030E-04
+2.9920000E+00	-2.0647020E-04	+1.0317967E-04
+2.9930000E+00	-2.0614224E-04	+1.0322981E-04
+2.9940000E+00	-2.0581503E-04	+1.0328073E-04
+2.9950000E+00	-2.0548857E-04	+1.0333243E-04
+2.9960000E+00	-2.0516285E-04	+1.0338492E-04
+2.9970000E+00	-2.0483784E-04	+1.0343819E-04
+2.9980000E+00	-2.0451355E-04	+1.0349225E-04
+2.9990000E+00	-2.0418996E-04	+1.0354711E-04
+3.0000000E+00	-2.0386707E-04	+1.0360275E-04
