+2.0000000E+00	+9.7137994E-05	-2.1936292E-04
+2.0010000E+00	+9.7179926E-05	-2.2036331E-04
+2.0020000E+00	+9.7220365E-05	-2.2136780E-04
+2.0030000E+00	+9.7259300E-05	-2.2237642E-04
+2.0040000E+00	+9.7296725E-05	-2.2338920E-04
+2.0050000E+00	+9.7332628E-05	-2.2440615E-04
+2.0060000E+00	+9.7367003E-05	-2.2542731E-04
+2.0070000E+00	+9.7399838E-05	-2.2645271E-04
+2.0080000E+00	+9.7431127E-05	-2.2748235E-04
+2.0090000E+00	+9.7460858E-05	-2.2851629E-04
+2.0100000E+00	+9.7489023E-05	-2.2955453E-04
+2.0110000E+00	+9.7515612E-05	-2.3059710E-04
+2.0120000E+00	+9.7540616E-05	-2.3164404E-04
+2.0130000E+00	+9.7564024E-05	-2.3269537E-04
+2.0140000E+00	+9.7585828E-05	-2.3375112E-04
+2.0150000E+00	+9.7606017E-05	-2.3481131E-04
+2.0160000E+00	+9.7624581E-05	-2.3587598E-04
+2.0170000E+00	+9.7641510E-05	-2.3694516E-04
+2.0180000E+00	+9.7656794E-05	-2.3801886E-04
+2.0190000E+00	+9.7670422E-05	-2.3909713E-04
+2.0200000E+00	+9.7682384E-05	-2.4017999E-04
+2.0210000E+00	+9.7692669E-05	-2.4126747E-04
+2.0220000E+00	+9.7701266E-05	-2.4235961E-04
+2.0230000E+00	+9.7708165E-05	-2.4345642E-04
+2.0240000E+00	+9.7713354E-05	-2.4455796E-04
+2.0250000E+00	+9.7716823E-05	-2.4566423E-04
+2.0260000E+00	+9.7718559E-05	-2.4677528E-04
+2.0270000E+00	+9.7718552E-05	-2.4789114E-04
+2.0280000E+00	+9.7716789E-05	-2.4901185E-04
+2.0290000E+00	+9.7713259E-05	-2.5013743E-04
+2.0300000E+00	+9.7707951E-05	-2.5126791E-04
+2.0310000E+00	+9.7700852E-05	-2.5240334E-04
+2.0320000E+00	+9.7691949E-05	-2.5354374E-04
+2.0330000E+00	+9.7681231E-05	-2.5468915E-04
+2.0340000E+00	+9.7668685E-05	-2.5583961E-04
+2.0350000E+00	+9.7654298E-05	-2.5699515E-04
+2.0360000E+00	+9.7638058E-05	-2.5815580E-04
+2.0370000E+00	+9.7619950E-05	-2.5932160E-04
+2.0380000E+00	+9.7599963E-05	-2.6049259E-04
+2.0390000E+00	+9.7578083E-05	-2.6166881E-04
+2.0400000E+00	+9.7554295E-05	-2.6285029E-04
+2.0410000E+00	+9.7528587E-05	-2.6403706E-04
+2.0420000E+00	+9.7500945E-05	-2.6522918E-04
+2.0430000E+00	+9.7471353E-05	-2.6642667E-04
+2.0440000E+00	+9.7439798E-05	-2.6762958E-04
+2.0450000E+00	+9.7406266E-05	-2.6883794E-04
+2.0460000E+00	+9.7370742E-05	-2.7005179E-04
+2.0470000E+00	+9.7333210E-05	-2.7127118E-04
+2.0480000E+00	+9.7293655E-05	-2.7249615E-04
+2.0490000E+00	+9.7252062E-05	-2.7372674E-04
+2.0500000E+00	+9.7208416E-05	-2.7496298E-04
+2.0510000E+00	+9.7162701E-05	-2.7620493E-04
+2.0520000E+00	+9.7114900E-05	-2.7745262E-04
+2.0530000E+00	+9.7064998E-05	-2.7870610E-04
+2.0540000E+00	+9.7012977E-05	-2.7996541E-04
+2.0550000E+00	+9.6958822E-05	-2.8123059E-04
+2.0560000E+00	+9.6902514E-05	-2.8250170E-04
+2.0570000E+00	+9.6844037E-05	-2.8377877E-04
+2.0580000E+00	+9.6783373E-05	-2.8506185E-04
+2.0590000E+00	+9.6720505E-05	-2.8635100E-04
+2.0600000E+00	+9.6655415E-05	-2.8764625E-04
+2.0610000E+00	+9.6588083E-05	-2.8894765E-04
+2.0620000E+00	+9.6518492E-05	-2.9025525E-04
+2.0630000E+00	+9.6446622E-05	-2.9156911E-04
+2.0640000E+00	+9.6372456E-05	-2.9288926E-04
+2.0650000E+00	+9.6295972E-05	-2.9421577E-04
+2.0660000E+00	+9.6217151E-05	-2.9554867E-04
+2.0670000E+00	+9.6135974E-05	-2.9688802E-04
+2.0680000E+00	+9.6052420E-05	-2.9823388E-04
+2.0690000E+00	+9.5966468E-05	-2.9958629E-04
+2.0700000E+00	+9.5878097E-05	-3.0094531E-04
+2.0710000E+00	+9.5787286E-05	-3.0231099E-04
+2.0720000E+00	+9.5694014E-05	-3.0368339E-04
+2.0730000E+00	+9.5598258E-05	-3.0506256E-04
+2.0740000E+00	+9.5499996E-05	-3.0644856E-04
+2.0750000E+00	+9.5399205E-05	-3.0784144E-04
+2.0760000E+00	+9.5295863E-05	-3.0924125E-04
+2.0770000E+00	+9.5189945E-05	-3.1064807E-04
+2.0780000E+00	+9.5081429E-05	-3.1206194E-04
+2.0790000E+00	+9.4970290E-05	-3.1348293E-04
+2.0800000E+00	+9.4856503E-05	-3.1491109E-04
+2.0810000E+00	+9.4740043E-05	-3.1634648E-04
+2.0820000E+00	+9.4620886E-05	-3.1778917E-04
+2.0830000E+00	+9.4499005E-05	-3.1923922E-04
+2.0840000E+00	+9.4374374E-05	-3.2069669E-04
+2.0850000E+00	+9.4246966E-05	-3.2216165E-04
+2.0860000E+00	+9.4116755E-05	-3.2363415E-04
+2.0870000E+00	+9.3983713E-05	-3.2511427E-04
+2.0880000E+00	+9.3847813E-05	-3.2660207E-04
+2.0890000E+00	+9.3709025E-05	-3.2809761E-04
+2.0900000E+00	+9.3567320E-05	-3.2960097E-04
+2.0910000E+00	+9.3422671E-05	-3.3111221E-04
+2.0920000E+00	+9.3275045E-05	-3.3263140E-04
+2.0930000E+00	+9.3124415E-05	-3.3415861E-04
+2.0940000E+00	+9.2970747E-05	-3.3569392E-04
+2.0950000E+00	+9.2814012E-05	-3.3723739E-04
+2.0960000E+00	+9.2654176E-05	-3.3878910E-04
+2.0970000E+00	+9.2491209E-05	-3.4034912E-04
+2.0980000E+00	+9.2325076E-05	-3.4191753E-04
+2.0990000E+00	+9.2155744E-05	-3.4349440E-04
+2.1000000E+00	+9.1983180E-05	-3.4507980E-04
+2.1010000E+00	+9.1807347E-05	-3.4667382E-04
+2.1020000E+00	+9.1628212E-05	-3.4827654E-04
+2.1030000E+00	+9.1445738E-05	-3.4988803E-04
+2.1040000E+00	+9.1259888E-05	-3.5150837E-04
+2.1050000E+00	+9.1070625E-05	-3.5313765E-04
+2.1060000E+00	+9.0877912E-05	-3.5477594E-04
+2.1070000E+00	+9.0681710E-05	-3.5642334E-04
+2.1080000E+00	+9.0481980E-05	-3.5807992E-04
+2.1090000E+00	+9.0278682E-05	-3.5974578E-04
+2.1100000E+00	+9.0071775E-05	-3.6142100E-04
+2.1110000E+00	+8.9861218E-05	-3.6310566E-04
+2.1120000E+00	+8.9646969E-05	-3.6479986E-04
+2.1130000E+00	+8.9428986E-05	-3.6650368E-04
+2.1140000E+00	+8.9207225E-05	-3.6821723E-04
+2.1150000E+00	+8.8981641E-05	-3.6994058E-04
+2.1160000E+00	+8.8752190E-05	-3.7167384E-04
+2.1170000E+00	+8.8518825E-05	-3.7341710E-04
+2.1180000E+00	+8.8281500E-05	-3.7517046E-04
+2.1190000E+00	+8.8040167E-05	-3.7693401E-04
+2.1200000E+00	+8.7794778E-05	-3.7870785E-04
+2.1210000E+00	+8.7545284E-05	-3.8049208E-04
+2.1220000E+00	+8.7291633E-05	-3.8228681E-04
+2.1230000E+00	+8.7033776E-05	-3.8409214E-04
+2.1240000E+00	+8.6771660E-05	-3.8590817E-04
+2.1250000E+00	+8.6505232E-05	-3.8773501E-04
+2.1260000E+00	+8.6234438E-05	-3.8957276E-04
+2.1270000E+00	+8.5959223E-05	-3.9142154E-04
+2.1280000E+00	+8.5679530E-05	-3.9328145E-04
+2.1290000E+00	+8.5395304E-05	-3.9515260E-04
+2.1300000E+00	+8.5106485E-05	-3.9703511E-04
+2.1310000E+00	+8.4813014E-05	-3.9892910E-04
+2.1320000E+00	+8.4514831E-05	-4.0083467E-04
+2.1330000E+00	+8.4211875E-05	-4.0275195E-04
+2.1340000E+00	+8.3904083E-05	-4.0468105E-04
+2.1350000E+00	+8.3591390E-05	-4.0662210E-04
+2.1360000E+00	+8.3273733E-05	-4.0857522E-04
+2.1370000E+00	+8.2951043E-05	-4.1054053E-04
+2.1380000E+00	+8.2623255E-05	-4.1251815E-04
+2.1390000E+00	+8.2290299E-05	-4.1450823E-04
+2.1400000E+00	+8.1952105E-05	-4.1651088E-04
+2.1410000E+00	+8.1608601E-05	-4.1852623E-04
+2.1420000E+00	+8.1259714E-05	-4.2055443E-04
+2.1430000E+00	+8.0905371E-05	-4.2259560E-04
+2.1440000E+00	+8.0545494E-05	-4.2464988E-04
+2.1450000E+00	+8.0180007E-05	-4.2671740E-04
+2.1460000E+00	+7.9808831E-05	-4.2879832E-04
+2.1470000E+00	+7.9431886E-05	-4.3089277E-04
+2.1480000E+00	+7.9049089E-05	-4.3300090E-04
+2.1490000E+00	+7.8660357E-05	-4.3512285E-04
+2.1500000E+00	+7.8265605E-05	-4.3725878E-04
+2.1510000E+00	+7.7864746E-05	-4.3940882E-04
+2.1520000E+00	+7.7457690E-05	-4.4157314E-04
+2.1530000E+00	+7.7044348E-05	-4.4375189E-04
+2.1540000E+00	+7.6624628E-05	-4.4594523E-04
+2.1550000E+00	+7.6198434E-05	-4.4815332E-04
+2.1560000E+00	+7.5765672E-05	-4.5037631E-04
+2.1570000E+00	+7.5326243E-05	-4.5261438E-04
+2.1580000E+00	+7.4880046E-05	-4.5486768E-04
+2.1590000E+00	+7.4426981E-05	-4.5713640E-04
+2.1600000E+00	+7.3966942E-05	-4.5942069E-04
+2.1610000E+00	+7.3499824E-05	-4.6172074E-04
+2.1620000E+00	+7.3025518E-05	-4.6403671E-04
+2.1630000E+00	+7.2543913E-05	-4.6636879E-04
+2.1640000E+00	+7.2054896E-05	-4.6871716E-04
+2.1650000E+00	+7.1558352E-05	-4.7108201E-04
+2.1660000E+00	+7.1054163E-05	-4.7346351E-04
+2.1670000E+00	+7.0542209E-05	-4.7586187E-04
+2.1680000E+00	+7.0022366E-05	-4.7827726E-04
+2.1690000E+00	+6.9494510E-05	-4.8070989E-04
+2.1700000E+00	+6.8958512E-05	-4.8315996E-04
+2.1710000E+00	+6.8414242E-05	-4.8562766E-04
+2.1720000E+00	+6.7861565E-05	-4.8811320E-04
+2.1730000E+00	+6.7300346E-05	-4.9061679E-04
+2.1740000E+00	+6.6730446E-05	-4.9313864E-04
+2.1750000E+00	+6.6151720E-05	-4.9567895E-04
+2.1760000E+00	+6.5564025E-05	-4.9823795E-04
+2.1770000E+00	+6.4967212E-05	-5.0081586E-04
+2.1780000E+00	+6.4361128E-05	-5.0341289E-04
+2.1790000E+00	+6.3745619E-05	-5.0602928E-04
+2.1800000E+00	+6.3120526E-05	-5.0866526E-04
+2.1810000E+00	+6.2485686E-05	-5.1132105E-04
+2.1820000E+00	+6.1840935E-05	-5.1399690E-04
+2.1830000E+00	+6.1186102E-05	-5.1669304E-04
+2.1840000E+00	+6.0521015E-05	-5.1940973E-04
+2.1850000E+00	+5.9845497E-05	-5.2214720E-04
+2.1860000E+00	+5.9159366E-05	-5.2490571E-04
+2.1870000E+00	+5.8462438E-05	-5.2768551E-04
+2.1880000E+00	+5.7754524E-05	-5.3048687E-04
+2.1890000E+00	+5.7035429E-05	-5.3331004E-04
+2.1900000E+00	+5.6304957E-05	-5.3615530E-04
+2.1910000E+00	+5.5562904E-05	-5.3902292E-04
+2.1920000E+00	+5.4809064E-05	-5.4191317E-04
+2.1930000E+00	+5.4043225E-05	-5.4482633E-04
+2.1940000E+00	+5.3265170E-05	-5.4776269E-04
+2.1950000E+00	+5.2474677E-05	-5.5072253E-04
+2.1960000E+00	+5.1671520E-05	-5.5370616E-04
+2.1970000E+00	+5.0855466E-05	-5.5671387E-04
+2.1980000E+00	+5.0026278E-05	-5.5974595E-04
+2.1990000E+00	+4.9183713E-05	-5.6280273E-04
+2.2000000E+00	+4.8327522E-05	-5.6588451E-04
+2.2010000E+00	+4.7457449E-05	-5.6899160E-04
+2.2020000E+00	+4.6573234E-05	-5.7212434E-04
+2.2030000E+00	+4.5674610E-05	-5.7528305E-04
+2.2040000E+00	+4.4761304E-05	-5.7846806E-04
+2.2050000E+00	+4.3833035E-05	-5.8167972E-04
+2.2060000E+00	+4.2889516E-05	-5.8491836E-04
+2.2070000E+00	+4.1930454E-05	-5.8818433E-04
+2.2080000E+00	+4.0955548E-05	-5.9147799E-04
+2.2090000E+00	+3.9964488E-05	-5.9479971E-04
+2.2100000E+00	+3.8956960E-05	-5.9814984E-04
+2.2110000E+00	+3.7932640E-05	-6.0152876E-04
+2.2120000E+00	+3.6891196E-05	-6.0493684E-04
+2.2130000E+00	+3.5832288E-05	-6.0837448E-04
+2.2140000E+00	+3.4755568E-05	-6.1184206E-04
+2.2150000E+00	+3.3660678E-05	-6.1533998E-04
+2.2160000E+00	+3.2547253E-05	-6.1886865E-04
+2.2170000E+00	+3.1414917E-05	-6.2242847E-04
+2.2180000E+00	+3.0263286E-05	-6.2601985E-04
+2.2190000E+00	+2.9091964E-05	-6.2964324E-04
+2.2200000E+00	+2.7900547E-05	-6.3329905E-04
+2.2210000E+00	+2.6688620E-05	-6.3698772E-04
+2.2220000E+00	+2.5455758E-05	-6.4070970E-04
+2.2230000E+00	+2.4201522E-05	-6.4446543E-04
+2.2240000E+00	+2.2925466E-05	-6.4825539E-04
+2.2250000E+00	+2.1627130E-05	-6.5208004E-04
+2.2260000E+00	+2.0306040E-05	-6.5593984E-04
+2.2270000E+00	+1.8961715E-05	-6.5983529E-04
+2.2280000E+00	+1.7593655E-05	-6.6376688E-04
+2.2290000E+00	+1.6201351E-05	-6.6773510E-04
+2.2300000E+00	+1.4784279E-05	-6.7174046E-04
+2.2310000E+00	+1.3341902E-05	-6.7578347E-04
+2.2320000E+00	+1.1873666E-05	-6.7986467E-04
+2.2330000E+00	+1.0379006E-05	-6.8398457E-04
+2.2340000E+00	+8.8573370E-06	-6.8814374E-04
+2.2350000E+00	+7.3080621E-06	-6.9234270E-04
+2.2360000E+00	+5.7305662E-06	-6.9658202E-04
+2.2370000E+00	+4.1242176E-06	-7.0086228E-04
+2.2380000E+00	+2.4883672E-06	-7.0518405E-04
+2.2390000E+00	+8.2234800E-07	-7.0954791E-04
+2.2400000E+00	-8.7452557E-07	-7.1395446E-04
+2.2410000E+00	-2.6029582E-06	-7.1840431E-04
+2.2420000E+00	-4.3636745E-06	-7.2289808E-04
+2.2430000E+00	-6.1574194E-06	-7.2743639E-04
+2.2440000E+00	-7.9849587E-06	-7.3201987E-04
+2.2450000E+00	-9.8470804E-06	-7.3664918E-04
+2.2460000E+00	-1.1744595E-05	-7.4132498E-04
+2.2470000E+00	-1.3678335E-05	-7.4604793E-04
+2.2480000E+00	-1.5649159E-05	-7.5081870E-04
+2.2490000E+00	-1.7657949E-05	-7.5563800E-04
+2.2500000E+00	-1.9705612E-05	-7.6050651E-04
+2.2510000E+00	-2.1793084E-05	-7.6542496E-04
+2.2520000E+00	-2.3921327E-05	-7.7039406E-04
+2.2530000E+00	-2.6091330E-05	-7.7541455E-04
+2.2540000E+00	-2.8304112E-05	-7.8048717E-04
+2.2550000E+00	-3.0560725E-05	-7.8561269E-04
+2.2560000E+00	-3.2862249E-05	-7.9079187E-04
+2.2570000E+00	-3.5209797E-05	-7.9602550E-04
+2.2580000E+00	-3.7604517E-05	-8.0131435E-04
+2.2590000E+00	-4.0047591E-05	-8.0665925E-04
+2.2600000E+00	-4.2540236E-05	-8.1206101E-04
+2.2610000E+00	-4.5083708E-05	-8.1752045E-04
+2.2620000E+00	-4.7679300E-05	-8.2303842E-04
+2.2630000E+00	-5.0328345E-05	-8.2861578E-04
+2.2640000E+00	-5.3032218E-05	-8.3425337E-04
+2.2650000E+00	-5.5792336E-05	-8.3995209E-04
+2.2660000E+00	-5.8610161E-05	-8.4571283E-04
+2.2670000E+00	-6.1487201E-05	-8.5153648E-04
+2.2680000E+00	-6.4425011E-05	-8.5742395E-04
+2.2690000E+00	-6.7425194E-05	-8.6337619E-04
+2.2700000E+00	-7.0489407E-05	-8.6939412E-04
+2.2710000E+00	-7.3619357E-05	-8.7547869E-04
+2.2720000E+00	-7.6816808E-05	-8.8163086E-04
+2.2730000E+00	-8.0083579E-05	-8.8785161E-04
+2.2740000E+00	-8.3421549E-05	-8.9414193E-04
+2.2750000E+00	-8.6832658E-05	-9.0050280E-04
+2.2760000E+00	-9.0318909E-05	-9.0693523E-04
+2.2770000E+00	-9.3882372E-05	-9.1344025E-04
+2.2780000E+00	-9.7525183E-05	-9.2001886E-04
+2.2790000E+00	-1.0124955E-04	-9.2667212E-04
+2.2800000E+00	-1.0505775E-04	-9.3340107E-04
+2.2810000E+00	-1.0895215E-04	-9.4020675E-04
+2.2820000E+00	-1.1293519E-04	-9.4709023E-04
+2.2830000E+00	-1.1700937E-04	-9.5405258E-04
+2.2840000E+00	-1.2117730E-04	-9.6109488E-04
+2.2850000E+00	-1.2544169E-04	-9.6821820E-04
+2.2860000E+00	-1.2980530E-04	-9.7542363E-04
+2.2870000E+00	-1.3427102E-04	-9.8271226E-04
+2.2880000E+00	-1.3884183E-04	-9.9008518E-04
+2.2890000E+00	-1.4352081E-04	-9.9754348E-04
+2.2900000E+00	-1.4831115E-04	-1.0050883E-03
+2.2910000E+00	-1.5321614E-04	-1.0127206E-03
+2.2920000E+00	-1.5823920E-04	-1.0204416E-03
+2.2930000E+00	-1.6338387E-04	-1.0282524E-03
+2.2940000E+00	-1.6865380E-04	-1.0361539E-03
+2.2950000E+00	-1.7405277E-04	-1.0441474E-03
+2.2960000E+00	-1.7958472E-04	-1.0522337E-03
+2.2970000E+00	-1.8525370E-04	-1.0604141E-03
+2.2980000E+00	-1.9106392E-04	-1.0686895E-03
+2.2990000E+00	-1.9701973E-04	-1.0770609E-03
+2.3000000E+00	-2.0312566E-04	-1.0855293E-03
+2.3010000E+00	-2.0938636E-04	-1.0940956E-03
+2.3020000E+00	-2.1580670E-04	-1.1027609E-03
+2.3030000E+00	-2.2239168E-04	-1.1115259E-03
+2.3040000E+00	-2.2914652E-04	-1.1203916E-03
+2.3050000E+00	-2.3607660E-04	-1.1293587E-03
+2.3060000E+00	-2.4318752E-04	-1.1384280E-03
+2.3070000E+00	-2.5048507E-04	-1.1476003E-03
+2.3080000E+00	-2.5797525E-04	-1.1568762E-03
+2.3090000E+00	-2.6566430E-04	-1.1662562E-03
+2.3100000E+00	-2.7355867E-04	-1.1757409E-03
+2.3110000E+00	-2.8166506E-04	-1.1853307E-03
+2.3120000E+00	-2.8999040E-04	-1.1950259E-03
+2.3130000E+00	-2.9854191E-04	-1.2048268E-03
+2.3140000E+00	-3.0732703E-04	-1.2147335E-03
+2.3150000E+00	-3.1635352E-04	-1.2247461E-03
+2.3160000E+00	-3.2562940E-04	-1.2348643E-03
+2.3170000E+00	-3.3516300E-04	-1.2450880E-03
+2.3180000E+00	-3.4496294E-04	-1.2554167E-03
+2.3190000E+00	-3.5503819E-04	-1.2658499E-03
+2.3200000E+00	-3.6539801E-04	-1.2763867E-03
+2.3210000E+00	-3.7605204E-04	-1.2870262E-03
+2.3220000E+00	-3.8701025E-04	-1.2977672E-03
+2.3230000E+00	-3.9828298E-04	-1.3086082E-03
+2.3240000E+00	-4.0988096E-04	-1.3195477E-03
+2.3250000E+00	-4.2181527E-04	-1.3305835E-03
+2.3260000E+00	-4.3409745E-04	-1.3417134E-03
+2.3270000E+00	-4.4673940E-04	-1.3529348E-03
+2.3280000E+00	-4.5975349E-04	-1.3642447E-03
+2.3290000E+00	-4.7315248E-04	-1.3756398E-03
+2.3300000E+00	-4.8694962E-04	-1.3871162E-03
+2.3310000E+00	-5.0115861E-04	-1.3986697E-03
+2.3320000E+00	-5.1579360E-04	-1.4102957E-03
+2.3330000E+00	-5.3086924E-04	-1.4219887E-03
+2.3340000E+00	-5.4640067E-04	-1.4337430E-03
+2.3350000E+00	-5.6240352E-04	-1.4455521E-03
+2.3360000E+00	-5.7889394E-04	-1.4574089E-03
+2.3370000E+00	-5.9588857E-04	-1.4693055E-03
+2.3380000E+00	-6.1340458E-04	-1.4812333E-03
+2.3390000E+00	-6.3145966E-04	-1.4931827E-03
+2.3400000E+00	-6.5007199E-04	-1.5051435E-03
+2.3410000E+00	-6.6926030E-04	-1.5171043E-03
+2.3420000E+00	-6.8904381E-04	-1.5290527E-03
+2.3430000E+00	-7.0944223E-04	-1.5409751E-03
+2.3440000E+00	-7.3047577E-04	-1.5528569E-03
+2.3450000E+00	-7.5216509E-04	-1.5646821E-03
+2.3460000E+00	-7.7453130E-04	-1.5764333E-03
+2.3470000E+00	-7.9759591E-04	-1.5880917E-03
+2.3480000E+00	-8.2138083E-04	-1.5996368E-03
+2.3490000E+00	-8.4590826E-04	-1.6110465E-03
+2.3500000E+00	-8.7120071E-04	-1.6222969E-03
+2.3510000E+00	-8.9728089E-04	-1.6333622E-03
+2.3520000E+00	-9.2417164E-04	-1.6442146E-03
+2.3530000E+00	-9.5189587E-04	-1.6548239E-03
+2.3540000E+00	-9.8047642E-04	-1.6651578E-03
+2.3550000E+00	-1.0099360E-03	-1.6751817E-03
+2.3560000E+00	-1.0402970E-03	-1.6848582E-03
+2.3570000E+00	-1.0715814E-03	-1.6941472E-03
+2.3580000E+00	-1.1038106E-03	-1.7030059E-03
+2.3590000E+00	-1.1370051E-03	-1.7113884E-03
+2.3600000E+00	-1.1711845E-03	-1.7192456E-03
+2.3610000E+00	-1.2063670E-03	-1.7265254E-03
+2.3620000E+00	-1.2425696E-03	-1.7331720E-03
+2.3630000E+00	-1.2798071E-03	-1.7391264E-03
+2.3640000E+00	-1.3180926E-03	-1.7443256E-03
+2.3650000E+00	-1.3574364E-03	-1.7487034E-03
+2.3660000E+00	-1.3978461E-03	-1.7521893E-03
+2.3670000E+00	-1.4393260E-03	-1.7547093E-03
+2.3680000E+00	-1.4818766E-03	-1.7561855E-03
+2.3690000E+00	-1.5254942E-03	-1.7565362E-03
+2.3700000E+00	-1.5701706E-03	-1.7556759E-03
+2.3710000E+00	-1.6158920E-03	-1.7535155E-03
+2.3720000E+00	-1.6626389E-03	-1.7499625E-03
+2.3730000E+00	-1.7103852E-03	-1.7449211E-03
+2.3740000E+00	-1.7590978E-03	-1.7382924E-03
+2.3750000E+00	-1.8087357E-03	-1.7299753E-03
+2.3760000E+00	-1.8592498E-03	-1.7198664E-03
+2.3770000E+00	-1.9105816E-03	-1.7078609E-03
+2.3780000E+00	-1.9626630E-03	-1.6938531E-03
+2.3790000E+00	-2.0154157E-03	-1.6777375E-03
+2.3800000E+00	-2.0687504E-03	-1.6594093E-03
+2.3810000E+00	-2.1225664E-03	-1.6387656E-03
+2.3820000E+00	-2.1767514E-03	-1.6157066E-03
+2.3830000E+00	-2.2311807E-03	-1.5901370E-03
+2.3840000E+00	-2.2857175E-03	-1.5619668E-03
+2.3850000E+00	-2.3402125E-03	-1.5311137E-03
+2.3860000E+00	-2.3945042E-03	-1.4975037E-03
+2.3870000E+00	-2.4484193E-03	-1.4610735E-03
+2.3880000E+00	-2.5017728E-03	-1.4217718E-03
+2.3890000E+00	-2.5543696E-03	-1.3795610E-03
+2.3900000E+00	-2.6060047E-03	-1.3344191E-03
+2.3910000E+00	-2.6564651E-03	-1.2863413E-03
+2.3920000E+00	-2.7055311E-03	-1.2353412E-03
+2.3930000E+00	-2.7529782E-03	-1.1814525E-03
+2.3940000E+00	-2.7985794E-03	-1.1247303E-03
+2.3950000E+00	-2.8421072E-03	-1.0652515E-03
+2.3960000E+00	-2.8833365E-03	-1.0031159E-03
+2.3970000E+00	-2.9220472E-03	-9.3844643E-04
+2.3980000E+00	-2.9580269E-03	-8.7138873E-04
+2.3990000E+00	-2.9910740E-03	-8.0211104E-04
+2.4000000E+00	-3.0210003E-03	-7.3080307E-04
+2.4010000E+00	-3.0476340E-03	-6.5767473E-04
+2.4020000E+00	-3.0708223E-03	-5.8295428E-04
+2.4030000E+00	-3.0904337E-03	-5.0688626E-04
+2.4040000E+00	-3.1063601E-03	-4.2972888E-04
+2.4050000E+00	-3.1185185E-03	-3.5175121E-04
+2.4060000E+00	-3.1268522E-03	-2.7323012E-04
+2.4070000E+00	-3.1313318E-03	-1.9444699E-04
+2.4080000E+00	-3.1319554E-03	-1.1568439E-04
+2.4090000E+00	-3.1287488E-03	-3.7222684E-05
+2.4100000E+00	-3.1217642E-03	+4.0663182E-05
+2.4110000E+00	-3.1110797E-03	+1.1770686E-04
+2.4120000E+00	-3.0967977E-03	+1.9365350E-04
+2.4130000E+00	-3.0790427E-03	+2.6826232E-04
+2.4140000E+00	-3.0579594E-03	+3.4130891E-04
+2.4150000E+00	-3.0337104E-03	+4.1258711E-04
+2.4160000E+00	-3.0064730E-03	+4.8191053E-04
+2.4170000E+00	-2.9764372E-03	+5.4911356E-04
+2.4180000E+00	-2.9438023E-03	+6.1405211E-04
+2.4190000E+00	-2.9087747E-03	+6.7660384E-04
+2.4200000E+00	-2.8715651E-03	+7.3666809E-04
+2.4210000E+00	-2.8323858E-03	+7.9416546E-04
+2.4220000E+00	-2.7914487E-03	+8.4903709E-04
+2.4230000E+00	-2.7489630E-03	+9.0124370E-04
+2.4240000E+00	-2.7051336E-03	+9.5076443E-04
+2.4250000E+00	-2.6601590E-03	+9.9759550E-04
+2.4260000E+00	-2.6142304E-03	+1.0417488E-03
+2.4270000E+00	-2.5675303E-03	+1.0832504E-03
+2.4280000E+00	-2.5202319E-03	+1.1221389E-03
+2.4290000E+00	-2.4724980E-03	+1.1584642E-03
+2.4300000E+00	-2.4244810E-03	+1.1922855E-03
+2.4310000E+00	-2.3763223E-03	+1.2236703E-03
+2.4320000E+00	-2.3281525E-03	+1.2526927E-03
+2.4330000E+00	-2.2800911E-03	+1.2794324E-03
+2.4340000E+00	-2.2322472E-03	+1.3039732E-03
+2.4350000E+00	-2.1847191E-03	+1.3264020E-03
+2.4360000E+00	-2.1375952E-03	+1.3468079E-03
+2.4370000E+00	-2.0909543E-03	+1.3652812E-03
+2.4380000E+00	-2.0448660E-03	+1.3819126E-03
+2.4390000E+00	-1.9993912E-03	+1.3967925E-03
+2.4400000E+00	-1.9545829E-03	+1.4100104E-03
+2.4410000E+00	-1.9104862E-03	+1.4216545E-03
+2.4420000E+00	-1.8671395E-03	+1.4318112E-03
+2.4430000E+00	-1.8245748E-03	+1.4405646E-03
+2.4440000E+00	-1.7828178E-03	+1.4479965E-03
+2.4450000E+00	-1.7418892E-03	+1.4541860E-03
+2.4460000E+00	-1.7018046E-03	+1.4592092E-03
+2.4470000E+00	-1.6625752E-03	+1.4631394E-03
+2.4480000E+00	-1.6242082E-03	+1.4660467E-03
+2.4490000E+00	-1.5867072E-03	+1.4679983E-03
+2.4500000E+00	-1.5500727E-03	+1.4690582E-03
+2.4510000E+00	-1.5143023E-03	+1.4692872E-03
+2.4520000E+00	-1.4793912E-03	+1.4687432E-03
+2.4530000E+00	-1.4453324E-03	+1.4674811E-03
+2.4540000E+00	-1.4121170E-03	+1.4655528E-03
+2.4550000E+00	-1.3797344E-03	+1.4630074E-03
+2.4560000E+00	-1.3481726E-03	+1.4598912E-03
+2.4570000E+00	-1.3174186E-03	+1.4562478E-03
+2.4580000E+00	-1.2874582E-03	+1.4521184E-03
+2.4590000E+00	-1.2582766E-03	+1.4475417E-03
+2.4600000E+00	-1.2298580E-03	+1.4425541E-03
+2.4610000E+00	-1.2021864E-03	+1.4371895E-03
+2.4620000E+00	-1.1752453E-03	+1.4314799E-03
+2.4630000E+00	-1.1490179E-03	+1.4254554E-03
+2.4640000E+00	-1.1234871E-03	+1.4191440E-03
+2.4650000E+00	-1.0986359E-03	+1.4125719E-03
+2.4660000E+00	-1.0744472E-03	+1.4057636E-03
+2.4670000E+00	-1.0509037E-03	+1.3987420E-03
+2.4680000E+00	-1.0279887E-03	+1.3915285E-03
+2.4690000E+00	-1.0056851E-03	+1.3841430E-03
+2.4700000E+00	-9.8397635E-04	+1.3766041E-03
+2.4710000E+00	-9.6284597E-04	+1.3689291E-03
+2.4720000E+00	-9.4227778E-04	+1.3611342E-03
+2.4730000E+00	-9.2225584E-04	+1.3532342E-03
+2.4740000E+00	-9.0276454E-04	+1.3452432E-03
+2.4750000E+00	-8.8378859E-04	+1.3371740E-03
+2.4760000E+00	-8.6531301E-04	+1.3290388E-03
+2.4770000E+00	-8.4732317E-04	+1.3208486E-03
+2.4780000E+00	-8.2980479E-04	+1.3126139E-03
+2.4790000E+00	-8.1274394E-04	+1.3043441E-03
+2.4800000E+00	-7.9612706E-04	+1.2960481E-03
+2.4810000E+00	-7.7994092E-04	+1.2877343E-03
+2.4820000E+00	-7.6417268E-04	+1.2794100E-03
+2.4830000E+00	-7.4880983E-04	+1.2710825E-03
+2.4840000E+00	-7.3384024E-04	+1.2627580E-03
+2.4850000E+00	-7.1925211E-04	+1.2544427E-03
+2.4860000E+00	-7.0503400E-04	+1.2461419E-03
+2.4870000E+00	-6.9117479E-04	+1.2378608E-03
+2.4880000E+00	-6.7766373E-04	+1.2296039E-03
+2.4890000E+00	-6.6449036E-04	+1.2213755E-03
+2.4900000E+00	-6.5164456E-04	+1.2131796E-03
+2.4910000E+00	-6.3911652E-04	+1.2050197E-03
+2.4920000E+00	-6.2689675E-04	+1.1968990E-03
+2.4930000E+00	-6.1497603E-04	+1.1888205E-03
+2.4940000E+00	-6.0334546E-04	+1.1807869E-03
+2.4950000E+00	-5.9199642E-04	+1.1728007E-03
+2.4960000E+00	-5.8092054E-04	+1.1648641E-03
+2.4970000E+00	-5.7010974E-04	+1.1569791E-03
+2.4980000E+00	-5.5955621E-04	+1.1491474E-03
+2.4990000E+00	-5.4925237E-04	+1.1413708E-03
+2.5000000E+00	-5.3919090E-04	+1.1336506E-03
+2.5010000E+00	-5.2936470E-04	+1.1259881E-03
+2.5020000E+00	-5.1976692E-04	+1.1183845E-03
+2.5030000E+00	-5.1039092E-04	+1.1108407E-03
+2.5040000E+00	-5.0123028E-04	+1.1033576E-03
+2.5050000E+00	-4.9227878E-04	+1.0959359E-03
+2.5060000E+00	-4.8353043E-04	+1.0885763E-03
+2.5070000E+00	-4.7497940E-04	+1.0812793E-03
+2.5080000E+00	-4.6662007E-04	+1.0740453E-03
+2.5090000E+00	-4.5844699E-04	+1.0668746E-03
+2.5100000E+00	-4.5045490E-04	+1.0597676E-03
+2.5110000E+00	-4.4263870E-04	+1.0527243E-03
+2.5120000E+00	-4.3499345E-04	+1.0457450E-03
+2.5130000E+00	-4.2751438E-04	+1.0388296E-03
+2.5140000E+00	-4.2019688E-04	+1.0319782E-03
+2.5150000E+00	-4.1303646E-04	+1.0251906E-03
+2.5160000E+00	-4.0602880E-04	+1.0184669E-03
+2.5170000E+00	-3.9916971E-04	+1.0118067E-03
+2.5180000E+00	-3.9245514E-04	+1.0052100E-03
+2.5190000E+00	-3.8588114E-04	+9.9867645E-04
+2.5200000E+00	-3.7944393E-04	+9.9220578E-04
+2.5210000E+00	-3.7313981E-04	+9.8579769E-04
+2.5220000E+00	-3.6696523E-04	+9.7945185E-04
+2.5230000E+00	-3.6091671E-04	+9.7316788E-04
+2.5240000E+00	-3.5499092E-04	+9.6694540E-04
+2.5250000E+00	-3.4918462E-04	+9.6078399E-04
+2.5260000E+00	-3.4349465E-04	+9.5468322E-04
+2.5270000E+00	-3.3791798E-04	+9.4864263E-04
+2.5280000E+00	-3.3245166E-04	+9.4266177E-04
+2.5290000E+00	-3.2709282E-04	+9.3674014E-04
+2.5300000E+00	-3.2183869E-04	+9.3087725E-04
+2.5310000E+00	-3.1668659E-04	+9.2507259E-04
+2.5320000E+00	-3.1163391E-04	+9.1932566E-04
+2.5330000E+00	-3.0667813E-04	+9.1363592E-04
+2.5340000E+00	-3.0181678E-04	+9.0800284E-04
+2.5350000E+00	-2.9704751E-04	+9.0242588E-04
+2.5360000E+00	-2.9236799E-04	+8.9690449E-04
+2.5370000E+00	-2.8777600E-04	+8.9143814E-04
+2.5380000E+00	-2.8326937E-04	+8.8602625E-04
+2.5390000E+00	-2.7884599E-04	+8.8066829E-04
+2.5400000E+00	-2.7450381E-04	+8.7536369E-04
+2.5410000E+00	-2.7024086E-04	+8.7011190E-04
+2.5420000E+00	-2.6605521E-04	+8.6491235E-04
+2.5430000E+00	-2.6194499E-04	+8.5976448E-04
+2.5440000E+00	-2.5790838E-04	+8.5466774E-04
+2.5450000E+00	-2.5394363E-04	+8.4962157E-04
+2.5460000E+00	-2.5004903E-04	+8.4462541E-04
+2.5470000E+00	-2.4622290E-04	+8.3967871E-04
+2.5480000E+00	-2.4246364E-04	+8.3478091E-04
+2.5490000E+00	-2.3876968E-04	+8.2993148E-04
+2.5500000E+00	-2.3513950E-04	+8.2512985E-04
+2.5510000E+00	-2.3157161E-04	+8.2037549E-04
+2.5520000E+00	-2.2806457E-04	+8.1566786E-04
+2.5530000E+00	-2.2461700E-04	+8.1100641E-04
+2.5540000E+00	-2.2122752E-04	+8.0639063E-04
+2.5550000E+00	-2.1789481E-04	+8.0181998E-04
+2.5560000E+00	-2.1461760E-04	+7.9729394E-04
+2.5570000E+00	-2.1139463E-04	+7.9281200E-04
+2.5580000E+00	-2.0822469E-04	+7.8837362E-04
+2.5590000E+00	-2.0510659E-04	+7.8397832E-04
+2.5600000E+00	-2.0203919E-04	+7.7962558E-04
+2.5610000E+00	-1.9902137E-04	+7.7531490E-04
+2.5620000E+00	-1.9605203E-04	+7.7104580E-04
+2.5630000E+00	-1.9313013E-04	+7.6681777E-04
+2.5640000E+00	-1.9025463E-04	+7.6263035E-04
+2.5650000E+00	-1.8742453E-04	+7.5848304E-04
+2.5660000E+00	-1.8463885E-04	+7.5437539E-04
+2.5670000E+00	-1.8189664E-04	+7.5030691E-04
+2.5680000E+00	-1.7919699E-04	+7.4627715E-04
+2.5690000E+00	-1.7653899E-04	+7.4228565E-04
+2.5700000E+00	-1.7392175E-04	+7.3833196E-04
+2.5710000E+00	-1.7134444E-04	+7.3441564E-04
+2.5720000E+00	-1.6880622E-04	+7.3053624E-04
+2.5730000E+00	-1.6630628E-04	+7.2669333E-04
+2.5740000E+00	-1.6384382E-04	+7.2288648E-04
+2.5750000E+00	-1.6141810E-04	+7.1911526E-04
+2.5760000E+00	-1.5902834E-04	+7.1537926E-04
+2.5770000E+00	-1.5667383E-04	+7.1167807E-04
+2.5780000E+00	-1.5435386E-04	+7.0801126E-04
+2.5790000E+00	-1.5206773E-04	+7.0437846E-04
+2.5800000E+00	-1.4981477E-04	+7.0077924E-04
+2.5810000E+00	-1.4759432E-04	+6.9721323E-04
+2.5820000E+00	-1.4540574E-04	+6.9368003E-04
+2.5830000E+00	-1.4324840E-04	+6.9017926E-04
+2.5840000E+00	-1.4112170E-04	+6.8671055E-04
+2.5850000E+00	-1.3902505E-04	+6.8327351E-04
+2.5860000E+00	-1.3695785E-04	+6.7986780E-04
+2.5870000E+00	-1.3491955E-04	+6.7649303E-04
+2.5880000E+00	-1.3290960E-04	+6.7314886E-04
+2.5890000E+00	-1.3092746E-04	+6.6983494E-04
+2.5900000E+00	-1.2897261E-04	+6.6655090E-04
+2.5910000E+00	-1.2704453E-04	+6.6329641E-04
+2.5920000E+00	-1.2514272E-04	+6.6007114E-04
+2.5930000E+00	-1.2326671E-04	+6.5687474E-04
+2.5940000E+00	-1.2141600E-04	+6.5370688E-04
+2.5950000E+00	-1.1959015E-04	+6.5056724E-04
+2.5960000E+00	-1.1778870E-04	+6.4745551E-04
+2.5970000E+00	-1.1601120E-04	+6.4437135E-04
+2.5980000E+00	-1.1425723E-04	+6.4131446E-04
+2.5990000E+00	-1.1252637E-04	+6.3828453E-04
+2.6000000E+00	-1.1081820E-04	+6.3528126E-04
+2.6010000E+00	-1.0913233E-04	+6.3230434E-04
+2.6020000E+00	-1.0746836E-04	+6.2935348E-04
+2.6030000E+00	-1.0582591E-04	+6.2642838E-04
+2.6040000E+00	-1.0420461E-04	+6.2352876E-04
+2.6050000E+00	-1.0260409E-04	+6.2065433E-04
+2.6060000E+00	-1.0102401E-04	+6.1780481E-04
+2.6070000E+00	-9.9463995E-05	+6.1497991E-04
+2.6080000E+00	-9.7923726E-05	+6.1217938E-04
+2.6090000E+00	-9.6402864E-05	+6.0940293E-04
+2.6100000E+00	-9.4901087E-05	+6.0665031E-04
+2.6110000E+00	-9.3418077E-05	+6.0392123E-04
+2.6120000E+00	-9.1953524E-05	+6.0121546E-04
+2.6130000E+00	-9.0507126E-05	+5.9853272E-04
+2.6140000E+00	-8.9078587E-05	+5.9587277E-04
+2.6150000E+00	-8.7667619E-05	+5.9323535E-04
+2.6160000E+00	-8.6273937E-05	+5.9062022E-04
+2.6170000E+00	-8.4897267E-05	+5.8802713E-04
+2.6180000E+00	-8.3537337E-05	+5.8545585E-04
+2.6190000E+00	-8.2193884E-05	+5.8290613E-04
+2.6200000E+00	-8.0866649E-05	+5.8037774E-04
+2.6210000E+00	-7.9555379E-05	+5.7787044E-04
+2.6220000E+00	-7.8259827E-05	+5.7538401E-04
+2.6230000E+00	-7.6979752E-05	+5.7291823E-04
+2.6240000E+00	-7.5714916E-05	+5.7047286E-04
+2.6250000E+00	-7.4465089E-05	+5.6804768E-04
+2.6260000E+00	-7.3230043E-05	+5.6564249E-04
+2.6270000E+00	-7.2009557E-05	+5.6325705E-04
+2.6280000E+00	-7.0803413E-05	+5.6089117E-04
+2.6290000E+00	-6.9611400E-05	+5.5854462E-04
+2.6300000E+00	-6.8433310E-05	+5.5621721E-04
+2.6310000E+00	-6.7268937E-05	+5.5390872E-04
+2.6320000E+00	-6.6118084E-05	+5.5161896E-04
+2.6330000E+00	-6.4980555E-05	+5.4934771E-04
+2.6340000E+00	-6.3856159E-05	+5.4709479E-04
+2.6350000E+00	-6.2744707E-05	+5.4486000E-04
+2.6360000E+00	-6.1646017E-05	+5.4264314E-04
+2.6370000E+00	-6.0559909E-05	+5.4044402E-04
+2.6380000E+00	-5.9486206E-05	+5.3826246E-04
+2.6390000E+00	-5.8424736E-05	+5.3609826E-04
+2.6400000E+00	-5.7375329E-05	+5.3395124E-04
+2.6410000E+00	-5.6337819E-05	+5.3182123E-04
+2.6420000E+00	-5.5312043E-05	+5.2970803E-04
+2.6430000E+00	-5.4297842E-05	+5.2761147E-04
+2.6440000E+00	-5.3295059E-05	+5.2553138E-04
+2.6450000E+00	-5.2303540E-05	+5.2346757E-04
+2.6460000E+00	-5.1323135E-05	+5.2141988E-04
+2.6470000E+00	-5.0353697E-05	+5.1938814E-04
+2.6480000E+00	-4.9395079E-05	+5.1737218E-04
+2.6490000E+00	-4.8447140E-05	+5.1537182E-04
+2.6500000E+00	-4.7509740E-05	+5.1338692E-04
+2.6510000E+00	-4.6582742E-05	+5.1141729E-04
+2.6520000E+00	-4.5666011E-05	+5.0946279E-04
+2.6530000E+00	-4.4759414E-05	+5.0752325E-04
+2.6540000E+00	-4.3862823E-05	+5.0559851E-04
+2.6550000E+00	-4.2976108E-05	+5.0368842E-04
+2.6560000E+00	-4.2099146E-05	+5.0179283E-04
+2.6570000E+00	-4.1231813E-05	+4.9991158E-04
+2.6580000E+00	-4.0373987E-05	+4.9804453E-04
+2.6590000E+00	-3.9525550E-05	+4.9619151E-04
+2.6600000E+00	-3.8686386E-05	+4.9435239E-04
+2.6610000E+00	-3.7856378E-05	+4.9252703E-04
+2.6620000E+00	-3.7035414E-05	+4.9071526E-04
+2.6630000E+00	-3.6223383E-05	+4.8891697E-04
+2.6640000E+00	-3.5420175E-05	+4.8713199E-04
+2.6650000E+00	-3.4625684E-05	+4.8536020E-04
+2.6660000E+00	-3.3839802E-05	+4.8360145E-04
+2.6670000E+00	-3.3062427E-05	+4.8185561E-04
+2.6680000E+00	-3.2293455E-05	+4.8012255E-04
+2.6690000E+00	-3.1532786E-05	+4.7840212E-04
+2.6700000E+00	-3.0780320E-05	+4.7669421E-04
+2.6710000E+00	-3.0035960E-05	+4.7499867E-04
+2.6720000E+00	-2.9299609E-05	+4.7331538E-04
+2.6730000E+00	-2.8571174E-05	+4.7164422E-04
+2.6740000E+00	-2.7850559E-05	+4.6998505E-04
+2.6750000E+00	-2.7137674E-05	+4.6833775E-04
+2.6760000E+00	-2.6432428E-05	+4.6670220E-04
+2.6770000E+00	-2.5734731E-05	+4.6507828E-04
+2.6780000E+00	-2.5044496E-05	+4.6346586E-04
+2.6790000E+00	-2.4361636E-05	+4.6186483E-04
+2.6800000E+00	-2.3686066E-05	+4.6027507E-04
+2.6810000E+00	-2.3017700E-05	+4.5869646E-04
+2.6820000E+00	-2.2356457E-05	+4.5712889E-04
+2.6830000E+00	-2.1702254E-05	+4.5557223E-04
+2.6840000E+00	-2.1055011E-05	+4.5402639E-04
+2.6850000E+00	-2.0414647E-05	+4.5249125E-04
+2.6860000E+00	-1.9781085E-05	+4.5096669E-04
+2.6870000E+00	-1.9154246E-05	+4.4945262E-04
+2.6880000E+00	-1.8534055E-05	+4.4794891E-04
+2.6890000E+00	-1.7920436E-05	+4.4645547E-04
+2.6900000E+00	-1.7313314E-05	+4.4497219E-04
+2.6910000E+00	-1.6712616E-05	+4.4349897E-04
+2.6920000E+00	-1.6118269E-05	+4.4203570E-04
+2.6930000E+00	-1.5530202E-05	+4.4058228E-04
+2.6940000E+00	-1.4948345E-05	+4.3913861E-04
+2.6950000E+00	-1.4372626E-05	+4.3770459E-04
+2.6960000E+00	-1.3802978E-05	+4.3628012E-04
+2.6970000E+00	-1.3239333E-05	+4.3486511E-04
+2.6980000E+00	-1.2681623E-05	+4.3345946E-04
+2.6990000E+00	-1.2129781E-05	+4.3206308E-04
+2.7000000E+00	-1.1583744E-05	+4.3067586E-04
+2.7010000E+00	-1.1043444E-05	+4.2929772E-04
+2.7020000E+00	-1.0508820E-05	+4.2792857E-04
+2.7030000E+00	-9.9798075E-06	+4.2656832E-04
+2.7040000E+00	-9.4563441E-06	+4.2521687E-04
+2.7050000E+00	-8.9383683E-06	+4.2387414E-04
+2.7060000E+00	-8.4258192E-06	+4.2254004E-04
+2.7070000E+00	-7.9186367E-06	+4.2121448E-04
+2.7080000E+00	-7.4167613E-06	+4.1989738E-04
+2.7090000E+00	-6.9201343E-06	+4.1858866E-04
+2.7100000E+00	-6.4286975E-06	+4.1728822E-04
+2.7110000E+00	-5.9423935E-06	+4.1599600E-04
+2.7120000E+00	-5.4611657E-06	+4.1471190E-04
+2.7130000E+00	-4.9849580E-06	+4.1343585E-04
+2.7140000E+00	-4.5137150E-06	+4.1216776E-04
+2.7150000E+00	-4.0473819E-06	+4.1090756E-04
+2.7160000E+00	-3.5859045E-06	+4.0965517E-04
+2.7170000E+00	-3.1292294E-06	+4.0841052E-04
+2.7180000E+00	-2.6773035E-06	+4.0717352E-04
+2.7190000E+00	-2.2300747E-06	+4.0594411E-04
+2.7200000E+00	-1.7874911E-06	+4.0472220E-04
+2.7210000E+00	-1.3495017E-06	+4.0350773E-04
+2.7220000E+00	-9.1605591E-07	+4.0230063E-04
+2.7230000E+00	-4.8710373E-07	+4.0110081E-04
+2.7240000E+00	-6.2595758E-08	+3.9990822E-04
+2.7250000E+00	+3.5751687E-07	+3.9872278E-04
+2.7260000E+00	+7.7328246E-07	+3.9754442E-04
+2.7270000E+00	+1.1847488E-06	+3.9637308E-04
+2.7280000E+00	+1.5919631E-06	+3.9520869E-04
+2.7290000E+00	+1.9949720E-06	+3.9405117E-04
+2.7300000E+00	+2.3938219E-06	+3.9290048E-04
+2.7310000E+00	+2.7885582E-06	+3.9175653E-04
+2.7320000E+00	+3.1792262E-06	+3.9061927E-04
+2.7330000E+00	+3.5658706E-06	+3.8948863E-04
+2.7340000E+00	+3.9485354E-06	+3.8836456E-04
+2.7350000E+00	+4.3272644E-06	+3.8724698E-04
+2.7360000E+00	+4.7021008E-06	+3.8613585E-04
+2.7370000E+00	+5.0730871E-06	+3.8503109E-04
+2.7380000E+00	+5.4402657E-06	+3.8393265E-04
+2.7390000E+00	+5.8036783E-06	+3.8284047E-04
+2.7400000E+00	+6.1633662E-06	+3.8175450E-04
+2.7410000E+00	+6.5193703E-06	+3.8067466E-04
+2.7420000E+00	+6.8717308E-06	+3.7960092E-04
+2.7430000E+00	+7.2204877E-06	+3.7853321E-04
+2.7440000E+00	+7.5656805E-06	+3.7747148E-04
+2.7450000E+00	+7.9073482E-06	+3.7641566E-04
+2.7460000E+00	+8.2455295E-06	+3.7536572E-04
+2.7470000E+00	+8.5802625E-06	+3.7432159E-04
+2.7480000E+00	+8.9115849E-06	+3.7328323E-04
+2.7490000E+00	+9.2395341E-06	+3.7225057E-04
+2.7500000E+00	+9.5641470E-06	+3.7122358E-04
+2.7510000E+00	+9.8854601E-06	+3.7020219E-04
+2.7520000E+00	+1.0203510E-05	+3.6918636E-04
+2.7530000E+00	+1.0518331E-05	+3.6817604E-04
+2.7540000E+00	+1.0829959E-05	+3.6717118E-04
+2.7550000E+00	+1.1138430E-05	+3.6617174E-04
+2.7560000E+00	+1.1443778E-05	+3.6517765E-04
+2.7570000E+00	+1.1746036E-05	+3.6418889E-04
+2.7580000E+00	+1.2045238E-05	+3.6320539E-04
+2.7590000E+00	+1.2341419E-05	+3.6222712E-04
+2.7600000E+00	+1.2634610E-05	+3.6125402E-04
+2.7610000E+00	+1.2924844E-05	+3.6028606E-04
+2.7620000E+00	+1.3212155E-05	+3.5932319E-04
+2.7630000E+00	+1.3496573E-05	+3.5836537E-04
+2.7640000E+00	+1.3778129E-05	+3.5741254E-04
+2.7650000E+00	+1.4056856E-05	+3.5646468E-04
+2.7660000E+00	+1.4332784E-05	+3.5552174E-04
+2.7670000E+00	+1.4605943E-05	+3.5458366E-04
+2.7680000E+00	+1.4876364E-05	+3.5365043E-04
+2.7690000E+00	+1.5144077E-05	+3.5272198E-04
+2.7700000E+00	+1.5409109E-05	+3.5179829E-04
+2.7710000E+00	+1.5671492E-05	+3.5087932E-04
+2.7720000E+00	+1.5931253E-05	+3.4996502E-04
+2.7730000E+00	+1.6188422E-05	+3.4905535E-04
+2.7740000E+00	+1.6443025E-05	+3.4815028E-04
+2.7750000E+00	+1.6695091E-05	+3.4724976E-04
+2.7760000E+00	+1.6944648E-05	+3.4635377E-04
+2.7770000E+00	+1.7191722E-05	+3.4546226E-04
+2.7780000E+00	+1.7436341E-05	+3.4457520E-04
+2.7790000E+00	+1.7678530E-05	+3.4369255E-04
+2.7800000E+00	+1.7918317E-05	+3.4281428E-04
+2.7810000E+00	+1.8155726E-05	+3.4194035E-04
+2.7820000E+00	+1.8390785E-05	+3.4107072E-04
+2.7830000E+00	+1.8623517E-05	+3.4020536E-04
+2.7840000E+00	+1.8853949E-05	+3.3934424E-04
+2.7850000E+00	+1.9082104E-05	+3.3848732E-04
+2.7860000E+00	+1.9308008E-05	+3.3763457E-04
+2.7870000E+00	+1.9531684E-05	+3.3678595E-04
+2.7880000E+00	+1.9753157E-05	+3.3594144E-04
+2.7890000E+00	+1.9972449E-05	+3.3510100E-04
+2.7900000E+00	+2.0189585E-05	+3.3426460E-04
+2.7910000E+00	+2.0404588E-05	+3.3343221E-04
+2.7920000E+00	+2.0617480E-05	+3.3260380E-04
+2.7930000E+00	+2.0828284E-05	+3.3177933E-04
+2.7940000E+00	+2.1037022E-05	+3.3095877E-04
+2.7950000E+00	+2.1243716E-05	+3.3014211E-04
+2.7960000E+00	+2.1448388E-05	+3.2932929E-04
+2.7970000E+00	+2.1651060E-05	+3.2852031E-04
+2.7980000E+00	+2.1851752E-05	+3.2771512E-04
+2.7990000E+00	+2.2050487E-05	+3.2691370E-04
+2.8000000E+00	+2.2247284E-05	+3.2611602E-04
+2.8010000E+00	+2.2442164E-05	+3.2532205E-04
+2.8020000E+00	+2.2635148E-05	+3.2453176E-04
+2.8030000E+00	+2.2826255E-05	+3.2374514E-04
+2.8040000E+00	+2.3015506E-05	+3.2296214E-04
+2.8050000E+00	+2.3202920E-05	+3.2218274E-04
+2.8060000E+00	+2.3388516E-05	+3.2140692E-04
+2.8070000E+00	+2.3572314E-05	+3.2063465E-04
+2.8080000E+00	+2.3754332E-05	+3.1986590E-04
+2.8090000E+00	+2.3934589E-05	+3.1910065E-04
+2.8100000E+00	+2.4113104E-05	+3.1833887E-04
+2.8110000E+00	+2.4289895E-05	+3.1758054E-04
+2.8120000E+00	+2.4464980E-05	+3.1682563E-04
+2.8130000E+00	+2.4638376E-05	+3.1607411E-04
+2.8140000E+00	+2.4810102E-05	+3.1532597E-04
+2.8150000E+00	+2.4980175E-05	+3.1458118E-04
+2.8160000E+00	+2.5148613E-05	+3.1383972E-04
+2.8170000E+00	+2.5315431E-05	+3.1310155E-04
+2.8180000E+00	+2.5480647E-05	+3.1236666E-04
+2.8190000E+00	+2.5644279E-05	+3.1163503E-04
+2.8200000E+00	+2.5806341E-05	+3.1090663E-04
+2.8210000E+00	+2.5966850E-05	+3.1018144E-04
+2.8220000E+00	+2.6125823E-05	+3.0945943E-04
+2.8230000E+00	+2.6283275E-05	+3.0874059E-04
+2.8240000E+00	+2.6439222E-05	+3.0802489E-04
+2.8250000E+00	+2.6593680E-05	+3.0731231E-04
+2.8260000E+00	+2.6746663E-05	+3.0660283E-04
+2.8270000E+00	+2.6898187E-05	+3.0589643E-04
+2.8280000E+00	+2.7048267E-05	+3.0519308E-04
+2.8290000E+00	+2.7196918E-05	+3.0449277E-04
+2.8300000E+00	+2.7344154E-05	+3.0379548E-04
+2.8310000E+00	+2.7489990E-05	+3.0310118E-04
+2.8320000E+00	+2.7634440E-05	+3.0240985E-04
+2.8330000E+00	+2.7777518E-05	+3.0172148E-04
+2.8340000E+00	+2.7919238E-05	+3.0103605E-04
+2.8350000E+00	+2.8059614E-05	+3.0035352E-04
+2.8360000E+00	+2.8198660E-05	+2.9967390E-04
+2.8370000E+00	+2.8336388E-05	+2.9899715E-04
+2.8380000E+00	+2.8472813E-05	+2.9832325E-04
+2.8390000E+00	+2.8607948E-05	+2.9765220E-04
+2.8400000E+00	+2.8741805E-05	+2.9698396E-04
+2.8410000E+00	+2.8874397E-05	+2.9631853E-04
+2.8420000E+00	+2.9005737E-05	+2.9565588E-04
+2.8430000E+00	+2.9135838E-05	+2.9499599E-04
+2.8440000E+00	+2.9264712E-05	+2.9433885E-04
+2.8450000E+00	+2.9392371E-05	+2.9368444E-04
+2.8460000E+00	+2.9518827E-05	+2.9303274E-04
+2.8470000E+00	+2.9644093E-05	+2.9238373E-04
+2.8480000E+00	+2.9768181E-05	+2.9173740E-04
+2.8490000E+00	+2.9891101E-05	+2.9109373E-04
+2.8500000E+00	+3.0012866E-05	+2.9045270E-04
+2.8510000E+00	+3.0133487E-05	+2.8981429E-04
+2.8520000E+00	+3.0252975E-05	+2.8917850E-04
+2.8530000E+00	+3.0371341E-05	+2.8854529E-04
+2.8540000E+00	+3.0488598E-05	+2.8791466E-04
+2.8550000E+00	+3.0604754E-05	+2.8728659E-04
+2.8560000E+00	+3.0719823E-05	+2.8666107E-04
+2.8570000E+00	+3.0833813E-05	+2.8603807E-04
+2.8580000E+00	+3.0946735E-05	+2.8541758E-04
+2.8590000E+00	+3.1058601E-05	+2.8479959E-04
+2.8600000E+00	+3.1169420E-05	+2.8418408E-04
+2.8610000E+00	+3.1279202E-05	+2.8357104E-04
+2.8620000E+00	+3.1387958E-05	+2.8296045E-04
+2.8630000E+00	+3.1495698E-05	+2.8235229E-04
+2.8640000E+00	+3.1602431E-05	+2.8174655E-04
+2.8650000E+00	+3.1708167E-05	+2.8114321E-04
+2.8660000E+00	+3.1812916E-05	+2.8054227E-04
+2.8670000E+00	+3.1916687E-05	+2.7994370E-04
+2.8680000E+00	+3.2019491E-05	+2.7934750E-04
+2.8690000E+00	+3.2121335E-05	+2.7875364E-04
+2.8700000E+00	+3.2222229E-05	+2.7816211E-04
+2.8710000E+00	+3.2322183E-05	+2.7757291E-04
+2.8720000E+00	+3.2421205E-05	+2.7698601E-04
+2.8730000E+00	+3.2519305E-05	+2.7640140E-04
+2.8740000E+00	+3.2616490E-05	+2.7581907E-04
+2.8750000E+00	+3.2712770E-05	+2.7523900E-04
+2.8760000E+00	+3.2808154E-05	+2.7466119E-04
+2.8770000E+00	+3.2902650E-05	+2.7408561E-04
+2.8780000E+00	+3.2996266E-05	+2.7351225E-04
+2.8790000E+00	+3.3089010E-05	+2.7294111E-04
+2.8800000E+00	+3.3180891E-05	+2.7237217E-04
+2.8810000E+00	+3.3271917E-05	+2.7180541E-04
+2.8820000E+00	+3.3362097E-05	+2.7124082E-04
+2.8830000E+00	+3.3451437E-05	+2.7067839E-04
+2.8840000E+00	+3.3539946E-05	+2.7011811E-04
+2.8850000E+00	+3.3627631E-05	+2.6955997E-04
+2.8860000E+00	+3.3714501E-05	+2.6900395E-04
+2.8870000E+00	+3.3800563E-05	+2.6845004E-04
+2.8880000E+00	+3.3885824E-05	+2.6789822E-04
+2.8890000E+00	+3.3970292E-05	+2.6734850E-04
+2.8900000E+00	+3.4053974E-05	+2.6680085E-04
+2.8910000E+00	+3.4136878E-05	+2.6625526E-04
+2.8920000E+00	+3.4219010E-05	+2.6571172E-04
+2.8930000E+00	+3.4300378E-05	+2.6517022E-04
+2.8940000E+00	+3.4380989E-05	+2.6463074E-04
+2.8950000E+00	+3.4460850E-05	+2.6409329E-04
+2.8960000E+00	+3.4539968E-05	+2.6355784E-04
+2.8970000E+00	+3.4618349E-05	+2.6302438E-04
+2.8980000E+00	+3.4696000E-05	+2.6249290E-04
+2.8990000E+00	+3.4772928E-05	+2.6196340E-04
+2.9000000E+00	+3.4849139E-05	+2.6143585E-04
+2.9010000E+00	+3.4924641E-05	+2.6091026E-04
+2.9020000E+00	+3.4999439E-05	+2.6038660E-04
+2.9030000E+00	+3.5073540E-05	+2.5986487E-04
+2.9040000E+00	+3.5146950E-05	+2.5934506E-04
+2.9050000E+00	+3.5219675E-05	+2.5882715E-04
+2.9060000E+00	+3.5291722E-05	+2.5831114E-04
+2.9070000E+00	+3.5363096E-05	+2.5779701E-04
+2.9080000E+00	+3.5433804E-05	+2.5728476E-04
+2.9090000E+00	+3.5503852E-05	+2.5677438E-04
+2.9100000E+00	+3.5573246E-05	+2.5626585E-04
+2.9110000E+00	+3.5641991E-05	+2.5575916E-04
+2.9120000E+00	+3.5710093E-05	+2.5525431E-04
+2.9130000E+00	+3.5777558E-05	+2.5475129E-04
+2.9140000E+00	+3.5844392E-05	+2.5425007E-04
+2.9150000E+00	+3.5910600E-05	+2.5375067E-04
+2.9160000E+00	+3.5976188E-05	+2.5325306E-04
+2.9170000E+00	+3.6041161E-05	+2.5275723E-04
+2.9180000E+00	+3.6105525E-05	+2.5226318E-04
+2.9190000E+00	+3.6169285E-05	+2.5177090E-04
+2.9200000E+00	+3.6232446E-05	+2.5128037E-04
+2.9210000E+00	+3.6295014E-05	+2.5079159E-04
+2.9220000E+00	+3.6356994E-05	+2.5030455E-04
+2.9230000E+00	+3.6418391E-05	+2.4981924E-04
+2.9240000E+00	+3.6479210E-05	+2.4933565E-04
+2.9250000E+00	+3.6539456E-05	+2.4885377E-04
+2.9260000E+00	+3.6599134E-05	+2.4837359E-04
+2.9270000E+00	+3.6658250E-05	+2.4789511E-04
+2.9280000E+00	+3.6716807E-05	+2.4741831E-04
+2.9290000E+00	+3.6774811E-05	+2.4694318E-04
+2.9300000E+00	+3.6832267E-05	+2.4646973E-04
+2.9310000E+00	+3.6889179E-05	+2.4599793E-04
+2.9320000E+00	+3.6945552E-05	+2.4552777E-04
+2.9330000E+00	+3.7001391E-05	+2.4505926E-04
+2.9340000E+00	+3.7056700E-05	+2.4459239E-04
+2.9350000E+00	+3.7111484E-05	+2.4412713E-04
+2.9360000E+00	+3.7165748E-05	+2.4366349E-04
+2.9370000E+00	+3.7219495E-05	+2.4320146E-04
+2.9380000E+00	+3.7272730E-05	+2.4274103E-04
+2.9390000E+00	+3.7325458E-05	+2.4228218E-04
+2.9400000E+00	+3.7377682E-05	+2.4182492E-04
+2.9410000E+00	+3.7429408E-05	+2.4136924E-04
+2.9420000E+00	+3.7480639E-05	+2.4091512E-04
+2.9430000E+00	+3.7531380E-05	+2.4046256E-04
+2.9440000E+00	+3.7581635E-05	+2.4001155E-04
+2.9450000E+00	+3.7631407E-05	+2.3956208E-04
+2.9460000E+00	+3.7680701E-05	+2.3911415E-04
+2.9470000E+00	+3.7729521E-05	+2.3866774E-04
+2.9480000E+00	+3.7777871E-05	+2.3822285E-04
+2.9490000E+00	+3.7825755E-05	+2.3777948E-04
+2.9500000E+00	+3.7873176E-05	+2.3733761E-04
+2.9510000E+00	+3.7920139E-05	+2.3689723E-04
+2.9520000E+00	+3.7966648E-05	+2.3645835E-04
+2.9530000E+00	+3.8012706E-05	+2.3602094E-04
+2.9540000E+00	+3.8058317E-05	+2.3558501E-04
+2.9550000E+00	+3.8103484E-05	+2.3515055E-04
+2.9560000E+00	+3.8148212E-05	+2.3471755E-04
+2.9570000E+00	+3.8192503E-05	+2.3428600E-04
+2.9580000E+00	+3.8236363E-05	+2.3385589E-04
+2.9590000E+00	+3.8279793E-05	+2.3342722E-04
+2.9600000E+00	+3.8322799E-05	+2.3299999E-04
+2.9610000E+00	+3.8365382E-05	+2.3257417E-04
+2.9620000E+00	+3.8407547E-05	+2.3214978E-04
+2.9630000E+00	+3.8449297E-05	+2.3172679E-04
+2.9640000E+00	+3.8490636E-05	+2.3130521E-04
+2.9650000E+00	+3.8531567E-05	+2.3088503E-04
+2.9660000E+00	+3.8572092E-05	+2.3046623E-04
+2.9670000E+00	+3.8612217E-05	+2.3004881E-04
+2.9680000E+00	+3.8651943E-05	+2.2963278E-04
+2.9690000E+00	+3.8691274E-05	+2.2921811E-04
+2.9700000E+00	+3.8730213E-05	+2.2880480E-04
+2.9710000E+00	+3.8768763E-05	+2.2839285E-04
+2.9720000E+00	+3.8806929E-05	+2.2798225E-04
+2.9730000E+00	+3.8844711E-05	+2.2757299E-04
+2.9740000E+00	+3.8882115E-05	+2.2716507E-04
+2.9750000E+00	+3.8919142E-05	+2.2675848E-04
+2.9760000E+00	+3.8955796E-05	+2.2635322E-04
+2.9770000E+00	+3.8992080E-05	+2.2594927E-04
+2.9780000E+00	+3.9027997E-05	+2.2554663E-04
+2.9790000E+00	+3.9063549E-05	+2.2514530E-04
+2.9800000E+00	+3.9098740E-05	+2.2474526E-04
+2.9810000E+00	+3.9133573E-05	+2.2434652E-04
+2.9820000E+00	+3.9168050E-05	+2.2394906E-04
+2.9830000E+00	+3.9202174E-05	+2.2355289E-04
+2.9840000E+00	+3.9235948E-05	+2.2315799E-04
+2.9850000E+00	+3.9269375E-05	+2.2276436E-04
+2.9860000E+00	+3.9302457E-05	+2.2237199E-04
+2.9870000E+00	+3.9335198E-05	+2.2198087E-04
+2.9880000E+00	+3.9367599E-05	+2.2159101E-04
+2.9890000E+00	+3.9399665E-05	+2.2120239E-04
+2.9900000E+00	+3.9431396E-05	+2.2081501E-04
+2.9910000E+00	+3.9462796E-05	+2.2042886E-04
+2.9920000E+00	+3.9493868E-05	+2.2004394E-04
+2.9930000E+00	+3.9524614E-05	+2.1966025E-04
+2.9940000E+00	+3.9555037E-05	+2.1927776E-04
+2.9950000E+00	+3.9585139E-05	+2.1889649E-04
+2.9960000E+00	+3.9614922E-05	+2.1851643E-04
+2.9970000E+00	+3.9644390E-05	+2.1813756E-04
+2.9980000E+00	+3.9673544E-05	+2.1775988E-04
+2.9990000E+00	+3.9702388E-05	+2.1738340E-04
+3.0000000E+00	+3.9730923E-05	+2.1700809E-04
