+2.0000000E+00	+1.4216481E-04	-2.6358375E-04
+2.0010000E+00	+1.4225280E-04	-2.6451140E-04
+2.0020000E+00	+1.4233991E-04	-2.6544359E-04
+2.0030000E+00	+1.4242614E-04	-2.6638035E-04
+2.0040000E+00	+1.4251148E-04	-2.6732171E-04
+2.0050000E+00	+1.4259591E-04	-2.6826771E-04
+2.0060000E+00	+1.4267944E-04	-2.6921836E-04
+2.0070000E+00	+1.4276204E-04	-2.7017372E-04
+2.0080000E+00	+1.4284371E-04	-2.7113379E-04
+2.0090000E+00	+1.4292443E-04	-2.7209863E-04
+2.0100000E+00	+1.4300420E-04	-2.7306825E-04
+2.0110000E+00	+1.4308300E-04	-2.7404270E-04
+2.0120000E+00	+1.4316083E-04	-2.7502201E-04
+2.0130000E+00	+1.4323766E-04	-2.7600620E-04
+2.0140000E+00	+1.4331350E-04	-2.7699531E-04
+2.0150000E+00	+1.4338832E-04	-2.7798938E-04
+2.0160000E+00	+1.4346212E-04	-2.7898844E-04
+2.0170000E+00	+1.4353488E-04	-2.7999253E-04
+2.0180000E+00	+1.4360660E-04	-2.8100167E-04
+2.0190000E+00	+1.4367725E-04	-2.8201591E-04
+2.0200000E+00	+1.4374683E-04	-2.8303528E-04
+2.0210000E+00	+1.4381533E-04	-2.8405981E-04
+2.0220000E+00	+1.4388273E-04	-2.8508954E-04
+2.0230000E+00	+1.4394901E-04	-2.8612451E-04
+2.0240000E+00	+1.4401418E-04	-2.8716476E-04
+2.0250000E+00	+1.4407821E-04	-2.8821032E-04
+2.0260000E+00	+1.4414108E-04	-2.8926123E-04
+2.0270000E+00	+1.4420279E-04	-2.9031753E-04
+2.0280000E+00	+1.4426333E-04	-2.9137925E-04
+2.0290000E+00	+1.4432267E-04	-2.9244644E-04
+2.0300000E+00	+1.4438081E-04	-2.9351914E-04
+2.0310000E+00	+1.4443773E-04	-2.9459737E-04
+2.0320000E+00	+1.4449341E-04	-2.9568119E-04
+2.0330000E+00	+1.4454785E-04	-2.9677064E-04
+2.0340000E+00	+1.4460102E-04	-2.9786575E-04
+2.0350000E+00	+1.4465291E-04	-2.9896657E-04
+2.0360000E+00	+1.4470351E-04	-3.0007314E-04
+2.0370000E+00	+1.4475280E-04	-3.0118550E-04
+2.0380000E+00	+1.4480076E-04	-3.0230369E-04
+2.0390000E+00	+1.4484738E-04	-3.0342775E-04
+2.0400000E+00	+1.4489265E-04	-3.0455774E-04
+2.0410000E+00	+1.4493654E-04	-3.0569369E-04
+2.0420000E+00	+1.4497905E-04	-3.0683564E-04
+2.0430000E+00	+1.4502014E-04	-3.0798365E-04
+2.0440000E+00	+1.4505982E-04	-3.0913776E-04
+2.0450000E+00	+1.4509805E-04	-3.1029801E-04
+2.0460000E+00	+1.4513482E-04	-3.1146445E-04
+2.0470000E+00	+1.4517012E-04	-3.1263713E-04
+2.0480000E+00	+1.4520393E-04	-3.1381609E-04
+2.0490000E+00	+1.4523623E-04	-3.1500138E-04
+2.0500000E+00	+1.4526699E-04	-3.1619305E-04
+2.0510000E+00	+1.4529621E-04	-3.1739115E-04
+2.0520000E+00	+1.4532385E-04	-3.1859573E-04
+2.0530000E+00	+1.4534991E-04	-3.1980684E-04
+2.0540000E+00	+1.4537437E-04	-3.2102452E-04
+2.0550000E+00	+1.4539720E-04	-3.2224884E-04
+2.0560000E+00	+1.4541838E-04	-3.2347983E-04
+2.0570000E+00	+1.4543790E-04	-3.2471756E-04
+2.0580000E+00	+1.4545573E-04	-3.2596208E-04
+2.0590000E+00	+1.4547185E-04	-3.2721343E-04
+2.0600000E+00	+1.4548624E-04	-3.2847167E-04
+2.0610000E+00	+1.4549888E-04	-3.2973687E-04
+2.0620000E+00	+1.4550975E-04	-3.3100906E-04
+2.0630000E+00	+1.4551883E-04	-3.3228831E-04
+2.0640000E+00	+1.4552608E-04	-3.3357467E-04
+2.0650000E+00	+1.4553150E-04	-3.3486821E-04
+2.0660000E+00	+1.4553506E-04	-3.3616897E-04
+2.0670000E+00	+1.4553672E-04	-3.3747702E-04
+2.0680000E+00	+1.4553648E-04	-3.3879242E-04
+2.0690000E+00	+1.4553430E-04	-3.4011522E-04
+2.0700000E+00	+1.4553017E-04	-3.4144548E-04
+2.0710000E+00	+1.4552404E-04	-3.4278327E-04
+2.0720000E+00	+1.4551591E-04	-3.4412864E-04
+2.0730000E+00	+1.4550575E-04	-3.4548167E-04
+2.0740000E+00	+1.4549352E-04	-3.4684240E-04
+2.0750000E+00	+1.4547920E-04	-3.4821092E-04
+2.0760000E+00	+1.4546277E-04	-3.4958727E-04
+2.0770000E+00	+1.4544420E-04	-3.5097152E-04
+2.0780000E+00	+1.4542346E-04	-3.5236375E-04
+2.0790000E+00	+1.4540052E-04	-3.5376402E-04
+2.0800000E+00	+1.4537535E-04	-3.5517239E-04
+2.0810000E+00	+1.4534792E-04	-3.5658893E-04
+2.0820000E+00	+1.4531821E-04	-3.5801371E-04
+2.0830000E+00	+1.4528619E-04	-3.5944681E-04
+2.0840000E+00	+1.4525182E-04	-3.6088828E-04
+2.0850000E+00	+1.4521507E-04	-3.6233821E-04
+2.0860000E+00	+1.4517591E-04	-3.6379667E-04
+2.0870000E+00	+1.4513432E-04	-3.6526373E-04
+2.0880000E+00	+1.4509025E-04	-3.6673945E-04
+2.0890000E+00	+1.4504367E-04	-3.6822393E-04
+2.0900000E+00	+1.4499456E-04	-3.6971723E-04
+2.0910000E+00	+1.4494287E-04	-3.7121943E-04
+2.0920000E+00	+1.4488857E-04	-3.7273060E-04
+2.0930000E+00	+1.4483163E-04	-3.7425083E-04
+2.0940000E+00	+1.4477202E-04	-3.7578020E-04
+2.0950000E+00	+1.4470968E-04	-3.7731878E-04
+2.0960000E+00	+1.4464459E-04	-3.7886666E-04
+2.0970000E+00	+1.4457672E-04	-3.8042392E-04
+2.0980000E+00	+1.4450601E-04	-3.8199064E-04
+2.0990000E+00	+1.4443244E-04	-3.8356691E-04
+2.1000000E+00	+1.4435596E-04	-3.8515281E-04
+2.1010000E+00	+1.4427653E-04	-3.8674843E-04
+2.1020000E+00	+1.4419412E-04	-3.8835386E-04
+2.1030000E+00	+1.4410868E-04	-3.8996918E-04
+2.1040000E+00	+1.4402016E-04	-3.9159448E-04
+2.1050000E+00	+1.4392853E-04	-3.9322986E-04
+2.1060000E+00	+1.4383375E-04	-3.9487540E-04
+2.1070000E+00	+1.4373576E-04	-3.9653121E-04
+2.1080000E+00	+1.4363452E-04	-3.9819737E-04
+2.1090000E+00	+1.4352999E-04	-3.9987398E-04
+2.1100000E+00	+1.4342212E-04	-4.0156113E-04
+2.1110000E+00	+1.4331086E-04	-4.0325893E-04
+2.1120000E+00	+1.4319616E-04	-4.0496747E-04
+2.1130000E+00	+1.4307798E-04	-4.0668685E-04
+2.1140000E+00	+1.4295626E-04	-4.0841718E-04
+2.1150000E+00	+1.4283095E-04	-4.1015855E-04
+2.1160000E+00	+1.4270201E-04	-4.1191108E-04
+2.1170000E+00	+1.4256937E-04	-4.1367486E-04
+2.1180000E+00	+1.4243299E-04	-4.1545000E-04
+2.1190000E+00	+1.4229281E-04	-4.1723662E-04
+2.1200000E+00	+1.4214877E-04	-4.1903481E-04
+2.1210000E+00	+1.4200082E-04	-4.2084470E-04
+2.1220000E+00	+1.4184889E-04	-4.2266639E-04
+2.1230000E+00	+1.4169294E-04	-4.2450000E-04
+2.1240000E+00	+1.4153290E-04	-4.2634564E-04
+2.1250000E+00	+1.4136870E-04	-4.2820343E-04
+2.1260000E+00	+1.4120030E-04	-4.3007349E-04
+2.1270000E+00	+1.4102762E-04	-4.3195594E-04
+2.1280000E+00	+1.4085060E-04	-4.3385089E-04
+2.1290000E+00	+1.4066917E-04	-4.3575848E-04
+2.1300000E+00	+1.4048327E-04	-4.3767882E-04
+2.1310000E+00	+1.4029283E-04	-4.3961205E-04
+2.1320000E+00	+1.4009778E-04	-4.4155829E-04
+2.1330000E+00	+1.3989804E-04	-4.4351767E-04
+2.1340000E+00	+1.3969356E-04	-4.4549032E-04
+2.1350000E+00	+1.3948425E-04	-4.4747637E-04
+2.1360000E+00	+1.3927003E-04	-4.4947596E-04
+2.1370000E+00	+1.3905084E-04	-4.5148923E-04
+2.1380000E+00	+1.3882660E-04	-4.5351632E-04
+2.1390000E+00	+1.3859722E-04	-4.5555736E-04
+2.1400000E+00	+1.3836263E-04	-4.5761250E-04
+2.1410000E+00	+1.3812274E-04	-4.5968188E-04
+2.1420000E+00	+1.3787747E-04	-4.6176564E-04
+2.1430000E+00	+1.3762674E-04	-4.6386394E-04
+2.1440000E+00	+1.3737045E-04	-4.6597693E-04
+2.1450000E+00	+1.3710852E-04	-4.6810476E-04
+2.1460000E+00	+1.3684086E-04	-4.7024758E-04
+2.1470000E+00	+1.3656737E-04	-4.7240555E-04
+2.1480000E+00	+1.3628797E-04	-4.7457882E-04
+2.1490000E+00	+1.3600255E-04	-4.7676756E-04
+2.1500000E+00	+1.3571102E-04	-4.7897194E-04
+2.1510000E+00	+1.3541327E-04	-4.8119211E-04
+2.1520000E+00	+1.3510922E-04	-4.8342824E-04
+2.1530000E+00	+1.3479874E-04	-4.8568051E-04
+2.1540000E+00	+1.3448174E-04	-4.8794908E-04
+2.1550000E+00	+1.3415811E-04	-4.9023414E-04
+2.1560000E+00	+1.3382774E-04	-4.9253585E-04
+2.1570000E+00	+1.3349051E-04	-4.9485440E-04
+2.1580000E+00	+1.3314632E-04	-4.9718997E-04
+2.1590000E+00	+1.3279503E-04	-4.9954274E-04
+2.1600000E+00	+1.3243654E-04	-5.0191290E-04
+2.1610000E+00	+1.3207072E-04	-5.0430065E-04
+2.1620000E+00	+1.3169745E-04	-5.0670617E-04
+2.1630000E+00	+1.3131660E-04	-5.0912966E-04
+2.1640000E+00	+1.3092803E-04	-5.1157131E-04
+2.1650000E+00	+1.3053163E-04	-5.1403134E-04
+2.1660000E+00	+1.3012724E-04	-5.1650994E-04
+2.1670000E+00	+1.2971474E-04	-5.1900731E-04
+2.1680000E+00	+1.2929398E-04	-5.2152368E-04
+2.1690000E+00	+1.2886482E-04	-5.2405925E-04
+2.1700000E+00	+1.2842710E-04	-5.2661423E-04
+2.1710000E+00	+1.2798069E-04	-5.2918886E-04
+2.1720000E+00	+1.2752542E-04	-5.3178334E-04
+2.1730000E+00	+1.2706115E-04	-5.3439791E-04
+2.1740000E+00	+1.2658770E-04	-5.3703279E-04
+2.1750000E+00	+1.2610492E-04	-5.3968822E-04
+2.1760000E+00	+1.2561263E-04	-5.4236443E-04
+2.1770000E+00	+1.2511067E-04	-5.4506166E-04
+2.1780000E+00	+1.2459886E-04	-5.4778016E-04
+2.1790000E+00	+1.2407703E-04	-5.5052016E-04
+2.1800000E+00	+1.2354498E-04	-5.5328193E-04
+2.1810000E+00	+1.2300254E-04	-5.5606570E-04
+2.1820000E+00	+1.2244950E-04	-5.5887175E-04
+2.1830000E+00	+1.2188569E-04	-5.6170033E-04
+2.1840000E+00	+1.2131089E-04	-5.6455171E-04
+2.1850000E+00	+1.2072491E-04	-5.6742615E-04
+2.1860000E+00	+1.2012753E-04	-5.7032393E-04
+2.1870000E+00	+1.1951854E-04	-5.7324533E-04
+2.1880000E+00	+1.1889772E-04	-5.7619062E-04
+2.1890000E+00	+1.1826485E-04	-5.7916009E-04
+2.1900000E+00	+1.1761971E-04	-5.8215404E-04
+2.1910000E+00	+1.1696205E-04	-5.8517276E-04
+2.1920000E+00	+1.1629164E-04	-5.8821654E-04
+2.1930000E+00	+1.1560823E-04	-5.9128569E-04
+2.1940000E+00	+1.1491157E-04	-5.9438051E-04
+2.1950000E+00	+1.1420141E-04	-5.9750133E-04
+2.1960000E+00	+1.1347748E-04	-6.0064845E-04
+2.1970000E+00	+1.1273952E-04	-6.0382219E-04
+2.1980000E+00	+1.1198725E-04	-6.0702290E-04
+2.1990000E+00	+1.1122039E-04	-6.1025089E-04
+2.2000000E+00	+1.1043865E-04	-6.1350650E-04
+2.2010000E+00	+1.0964173E-04	-6.1679008E-04
+2.2020000E+00	+1.0882934E-04	-6.2010198E-04
+2.2030000E+00	+1.0800117E-04	-6.2344254E-04
+2.2040000E+00	+1.0715689E-04	-6.2681213E-04
+2.2050000E+00	+1.0629619E-04	-6.3021110E-04
+2.2060000E+00	+1.0541872E-04	-6.3363983E-04
+2.2070000E+00	+1.0452416E-04	-6.3709870E-04
+2.2080000E+00	+1.0361215E-04	-6.4058808E-04
+2.2090000E+00	+1.0268233E-04	-6.4410836E-04
+2.2100000E+00	+1.0173434E-04	-6.4765994E-04
+2.2110000E+00	+1.0076780E-04	-6.5124321E-04
+2.2120000E+00	+9.9782321E-05	-6.5485857E-04
+2.2130000E+00	+9.8777517E-05	-6.5850644E-04
+2.2140000E+00	+9.7752981E-05	-6.6218724E-04
+2.2150000E+00	+9.6708297E-05	-6.6590139E-04
+2.2160000E+00	+9.5643039E-05	-6.6964932E-04
+2.2170000E+00	+9.4556772E-05	-6.7343147E-04
+2.2180000E+00	+9.3449048E-05	-6.7724828E-04
+2.2190000E+00	+9.2319408E-05	-6.8110020E-04
+2.2200000E+00	+9.1167382E-05	-6.8498769E-04
+2.2210000E+00	+8.9992486E-05	-6.8891122E-04
+2.2220000E+00	+8.8794226E-05	-6.9287126E-04
+2.2230000E+00	+8.7572093E-05	-6.9686828E-04
+2.2240000E+00	+8.6325564E-05	-7.0090278E-04
+2.2250000E+00	+8.5054106E-05	-7.0497524E-04
+2.2260000E+00	+8.3757168E-05	-7.0908618E-04
+2.2270000E+00	+8.2434185E-05	-7.1323610E-04
+2.2280000E+00	+8.1084580E-05	-7.1742551E-04
+2.2290000E+00	+7.9707758E-05	-7.2165494E-04
+2.2300000E+00	+7.8303107E-05	-7.2592493E-04
+2.2310000E+00	+7.6870001E-05	-7.3023602E-04
+2.2320000E+00	+7.5407796E-05	-7.3458875E-04
+2.2330000E+00	+7.3915830E-05	-7.3898368E-04
+2.2340000E+00	+7.2393425E-05	-7.4342139E-04
+2.2350000E+00	+7.0839881E-05	-7.4790244E-04
+2.2360000E+00	+6.9254482E-05	-7.5242742E-04
+2.2370000E+00	+6.7636490E-05	-7.5699692E-04
+2.2380000E+00	+6.5985148E-05	-7.6161155E-04
+2.2390000E+00	+6.4299677E-05	-7.6627190E-04
+2.2400000E+00	+6.2579278E-05	-7.7097860E-04
+2.2410000E+00	+6.0823126E-05	-7.7573228E-04
+2.2420000E+00	+5.9030377E-05	-7.8053358E-04
+2.2430000E+00	+5.7200160E-05	-7.8538313E-04
+2.2440000E+00	+5.5331580E-05	-7.9028160E-04
+2.2450000E+00	+5.3423718E-05	-7.9522965E-04
+2.2460000E+00	+5.1475627E-05	-8.0022795E-04
+2.2470000E+00	+4.9486334E-05	-8.0527719E-04
+2.2480000E+00	+4.7454836E-05	-8.1037806E-04
+2.2490000E+00	+4.5380102E-05	-8.1553126E-04
+2.2500000E+00	+4.3261073E-05	-8.2073751E-04
+2.2510000E+00	+4.1096656E-05	-8.2599751E-04
+2.2520000E+00	+3.8885727E-05	-8.3131202E-04
+2.2530000E+00	+3.6627129E-05	-8.3668175E-04
+2.2540000E+00	+3.4319672E-05	-8.4210748E-04
+2.2550000E+00	+3.1962129E-05	-8.4758994E-04
+2.2560000E+00	+2.9553236E-05	-8.5312992E-04
+2.2570000E+00	+2.7091694E-05	-8.5872818E-04
+2.2580000E+00	+2.4576162E-05	-8.6438553E-04
+2.2590000E+00	+2.2005259E-05	-8.7010274E-04
+2.2600000E+00	+1.9377564E-05	-8.7588063E-04
+2.2610000E+00	+1.6691612E-05	-8.8172002E-04
+2.2620000E+00	+1.3945892E-05	-8.8762171E-04
+2.2630000E+00	+1.1138847E-05	-8.9358655E-04
+2.2640000E+00	+8.2688745E-06	-8.9961538E-04
+2.2650000E+00	+5.3343198E-06	-9.0570903E-04
+2.2660000E+00	+2.3334781E-06	-9.1186837E-04
+2.2670000E+00	-7.3540860E-07	-9.1809426E-04
+2.2680000E+00	-3.8741534E-06	-9.2438757E-04
+2.2690000E+00	-7.0846259E-06	-9.3074917E-04
+2.2700000E+00	-1.0368755E-05	-9.3717995E-04
+2.2710000E+00	-1.3728530E-05	-9.4368079E-04
+2.2720000E+00	-1.7166003E-05	-9.5025258E-04
+2.2730000E+00	-2.0683293E-05	-9.5689623E-04
+2.2740000E+00	-2.4282585E-05	-9.6361264E-04
+2.2750000E+00	-2.7966134E-05	-9.7040271E-04
+2.2760000E+00	-3.1736269E-05	-9.7726734E-04
+2.2770000E+00	-3.5595393E-05	-9.8420745E-04
+2.2780000E+00	-3.9545986E-05	-9.9122394E-04
+2.2790000E+00	-4.3590610E-05	-9.9831773E-04
+2.2800000E+00	-4.7731911E-05	-1.0054897E-03
+2.2810000E+00	-5.1972619E-05	-1.0127408E-03
+2.2820000E+00	-5.6315556E-05	-1.0200719E-03
+2.2830000E+00	-6.0763636E-05	-1.0274839E-03
+2.2840000E+00	-6.5319869E-05	-1.0349777E-03
+2.2850000E+00	-6.9987364E-05	-1.0425542E-03
+2.2860000E+00	-7.4769334E-05	-1.0502142E-03
+2.2870000E+00	-7.9669100E-05	-1.0579586E-03
+2.2880000E+00	-8.4690091E-05	-1.0657882E-03
+2.2890000E+00	-8.9835853E-05	-1.0737040E-03
+2.2900000E+00	-9.5110050E-05	-1.0817065E-03
+2.2910000E+00	-1.0051647E-04	-1.0897968E-03
+2.2920000E+00	-1.0605903E-04	-1.0979755E-03
+2.2930000E+00	-1.1174177E-04	-1.1062433E-03
+2.2940000E+00	-1.1756888E-04	-1.1146010E-03
+2.2950000E+00	-1.2354469E-04	-1.1230492E-03
+2.2960000E+00	-1.2967367E-04	-1.1315885E-03
+2.2970000E+00	-1.3596043E-04	-1.1402196E-03
+2.2980000E+00	-1.4240978E-04	-1.1489430E-03
+2.2990000E+00	-1.4902664E-04	-1.1577592E-03
+2.3000000E+00	-1.5581614E-04	-1.1666685E-03
+2.3010000E+00	-1.6278356E-04	-1.1756715E-03
+2.3020000E+00	-1.6993437E-04	-1.1847683E-03
+2.3030000E+00	-1.7727423E-04	-1.1939592E-03
+2.3040000E+00	-1.8480899E-04	-1.2032444E-03
+2.3050000E+00	-1.9254469E-04	-1.2126239E-03
+2.3060000E+00	-2.0048759E-04	-1.2220977E-03
+2.3070000E+00	-2.0864417E-04	-1.2316657E-03
+2.3080000E+00	-2.1702110E-04	-1.2413275E-03
+2.3090000E+00	-2.2562531E-04	-1.2510828E-03
+2.3100000E+00	-2.3446394E-04	-1.2609312E-03
+2.3110000E+00	-2.4354439E-04	-1.2708719E-03
+2.3120000E+00	-2.5287431E-04	-1.2809041E-03
+2.3130000E+00	-2.6246158E-04	-1.2910269E-03
+2.3140000E+00	-2.7231438E-04	-1.3012392E-03
+2.3150000E+00	-2.8244114E-04	-1.3115394E-03
+2.3160000E+00	-2.9285057E-04	-1.3219261E-03
+2.3170000E+00	-3.0355168E-04	-1.3323976E-03
+2.3180000E+00	-3.1455376E-04	-1.3429516E-03
+2.3190000E+00	-3.2586642E-04	-1.3535860E-03
+2.3200000E+00	-3.3749957E-04	-1.3642981E-03
+2.3210000E+00	-3.4946342E-04	-1.3750851E-03
+2.3220000E+00	-3.6176852E-04	-1.3859436E-03
+2.3230000E+00	-3.7442576E-04	-1.3968702E-03
+2.3240000E+00	-3.8744634E-04	-1.4078608E-03
+2.3250000E+00	-4.0084181E-04	-1.4189110E-03
+2.3260000E+00	-4.1462408E-04	-1.4300162E-03
+2.3270000E+00	-4.2880537E-04	-1.4411709E-03
+2.3280000E+00	-4.4339828E-04	-1.4523694E-03
+2.3290000E+00	-4.5841577E-04	-1.4636054E-03
+2.3300000E+00	-4.7387114E-04	-1.4748719E-03
+2.3310000E+00	-4.8977802E-04	-1.4861615E-03
+2.3320000E+00	-5.0615043E-04	-1.4974660E-03
+2.3330000E+00	-5.2300272E-04	-1.5087764E-03
+2.3340000E+00	-5.4034956E-04	-1.5200832E-03
+2.3350000E+00	-5.5820598E-04	-1.5313760E-03
+2.3360000E+00	-5.7658731E-04	-1.5426434E-03
+2.3370000E+00	-5.9550918E-04	-1.5538733E-03
+2.3380000E+00	-6.1498751E-04	-1.5650524E-03
+2.3390000E+00	-6.3503850E-04	-1.5761667E-03
+2.3400000E+00	-6.5567857E-04	-1.5872008E-03
+2.3410000E+00	-6.7692435E-04	-1.5981383E-03
+2.3420000E+00	-6.9879265E-04	-1.6089614E-03
+2.3430000E+00	-7.2130039E-04	-1.6196514E-03
+2.3440000E+00	-7.4446460E-04	-1.6301877E-03
+2.3450000E+00	-7.6830232E-04	-1.6405486E-03
+2.3460000E+00	-7.9283057E-04	-1.6507108E-03
+2.3470000E+00	-8.1806624E-04	-1.6606494E-03
+2.3480000E+00	-8.4402606E-04	-1.6703376E-03
+2.3490000E+00	-8.7072649E-04	-1.6797472E-03
+2.3500000E+00	-8.9818359E-04	-1.6888477E-03
+2.3510000E+00	-9.2641297E-04	-1.6976071E-03
+2.3520000E+00	-9.5542962E-04	-1.7059911E-03
+2.3530000E+00	-9.8524777E-04	-1.7139633E-03
+2.3540000E+00	-1.0158808E-03	-1.7214853E-03
+2.3550000E+00	-1.0473409E-03	-1.7285162E-03
+2.3560000E+00	-1.0796393E-03	-1.7350130E-03
+2.3570000E+00	-1.1127855E-03	-1.7409302E-03
+2.3580000E+00	-1.1467876E-03	-1.7462199E-03
+2.3590000E+00	-1.1816515E-03	-1.7508318E-03
+2.3600000E+00	-1.2173813E-03	-1.7547132E-03
+2.3610000E+00	-1.2539786E-03	-1.7578086E-03
+2.3620000E+00	-1.2914422E-03	-1.7600603E-03
+2.3630000E+00	-1.3297682E-03	-1.7614081E-03
+2.3640000E+00	-1.3689490E-03	-1.7617893E-03
+2.3650000E+00	-1.4089738E-03	-1.7611393E-03
+2.3660000E+00	-1.4498276E-03	-1.7593908E-03
+2.3670000E+00	-1.4914910E-03	-1.7564749E-03
+2.3680000E+00	-1.5339401E-03	-1.7523208E-03
+2.3690000E+00	-1.5771458E-03	-1.7468561E-03
+2.3700000E+00	-1.6210736E-03	-1.7400072E-03
+2.3710000E+00	-1.6656831E-03	-1.7316995E-03
+2.3720000E+00	-1.7109280E-03	-1.7218580E-03
+2.3730000E+00	-1.7567550E-03	-1.7104075E-03
+2.3740000E+00	-1.8031044E-03	-1.6972734E-03
+2.3750000E+00	-1.8499092E-03	-1.6823820E-03
+2.3760000E+00	-1.8970950E-03	-1.6656615E-03
+2.3770000E+00	-1.9445799E-03	-1.6470422E-03
+2.3780000E+00	-1.9922741E-03	-1.6264577E-03
+2.3790000E+00	-2.0400802E-03	-1.6038454E-03
+2.3800000E+00	-2.0878930E-03	-1.5791477E-03
+2.3810000E+00	-2.1355997E-03	-1.5523125E-03
+2.3820000E+00	-2.1830800E-03	-1.5232944E-03
+2.3830000E+00	-2.2302065E-03	-1.4920556E-03
+2.3840000E+00	-2.2768452E-03	-1.4585667E-03
+2.3850000E+00	-2.3228559E-03	-1.4228081E-03
+2.3860000E+00	-2.3680932E-03	-1.3847701E-03
+2.3870000E+00	-2.4124073E-03	-1.3444546E-03
+2.3880000E+00	-2.4556447E-03	-1.3018754E-03
+2.3890000E+00	-2.4976495E-03	-1.2570590E-03
+2.3900000E+00	-2.5382648E-03	-1.2100453E-03
+2.3910000E+00	-2.5773338E-03	-1.1608880E-03
+2.3920000E+00	-2.6147013E-03	-1.1096546E-03
+2.3930000E+00	-2.6502154E-03	-1.0564271E-03
+2.3940000E+00	-2.6837288E-03	-1.0013013E-03
+2.3950000E+00	-2.7151005E-03	-9.4438714E-04
+2.3960000E+00	-2.7441972E-03	-8.8580757E-04
+2.3970000E+00	-2.7708954E-03	-8.2569836E-04
+2.3980000E+00	-2.7950820E-03	-7.6420702E-04
+2.3990000E+00	-2.8166564E-03	-7.0149167E-04
+2.4000000E+00	-2.8355313E-03	-6.3771981E-04
+2.4010000E+00	-2.8516339E-03	-5.7306686E-04
+2.4020000E+00	-2.8649067E-03	-5.0771457E-04
+2.4030000E+00	-2.8753083E-03	-4.4184935E-04
+2.4040000E+00	-2.8828136E-03	-3.7566050E-04
+2.4050000E+00	-2.8874140E-03	-3.0933837E-04
+2.4060000E+00	-2.8891179E-03	-2.4307261E-04
+2.4070000E+00	-2.8879494E-03	-1.7705035E-04
+2.4080000E+00	-2.8839489E-03	-1.1145448E-04
+2.4090000E+00	-2.8771716E-03	-4.6462071E-05
+2.4100000E+00	-2.8676869E-03	+1.7757141E-05
+2.4110000E+00	-2.8555774E-03	+8.1042080E-05
+2.4120000E+00	-2.8409376E-03	+1.4324151E-04
+2.4130000E+00	-2.8238726E-03	+2.0421499E-04
+2.4140000E+00	-2.8044966E-03	+2.6383372E-04
+2.4150000E+00	-2.7829318E-03	+3.2198108E-04
+2.4160000E+00	-2.7593064E-03	+3.7855305E-04
+2.4170000E+00	-2.7337537E-03	+4.3345844E-04
+2.4180000E+00	-2.7064105E-03	+4.8661891E-04
+2.4190000E+00	-2.6774155E-03	+5.3796886E-04
+2.4200000E+00	-2.6469083E-03	+5.8745511E-04
+2.4210000E+00	-2.6150283E-03	+6.3503655E-04
+2.4220000E+00	-2.5819131E-03	+6.8068360E-04
+2.4230000E+00	-2.5476982E-03	+7.2437757E-04
+2.4240000E+00	-2.5125156E-03	+7.6611003E-04
+2.4250000E+00	-2.4764933E-03	+8.0588204E-04
+2.4260000E+00	-2.4397546E-03	+8.4370338E-04
+2.4270000E+00	-2.4024177E-03	+8.7959176E-04
+2.4280000E+00	-2.3645951E-03	+9.1357204E-04
+2.4290000E+00	-2.3263935E-03	+9.4567538E-04
+2.4300000E+00	-2.2879132E-03	+9.7593853E-04
+2.4310000E+00	-2.2492485E-03	+1.0044030E-03
+2.4320000E+00	-2.2104873E-03	+1.0311145E-03
+2.4330000E+00	-2.1717112E-03	+1.0561220E-03
+2.4340000E+00	-2.1329957E-03	+1.0794772E-03
+2.4350000E+00	-2.0944099E-03	+1.1012343E-03
+2.4360000E+00	-2.0560173E-03	+1.1214488E-03
+2.4370000E+00	-2.0178755E-03	+1.1401775E-03
+2.4380000E+00	-1.9800365E-03	+1.1574778E-03
+2.4390000E+00	-1.9425472E-03	+1.1734075E-03
+2.4400000E+00	-1.9054495E-03	+1.1880243E-03
+2.4410000E+00	-1.8687805E-03	+1.2013856E-03
+2.4420000E+00	-1.8325729E-03	+1.2135479E-03
+2.4430000E+00	-1.7968551E-03	+1.2245672E-03
+2.4440000E+00	-1.7616520E-03	+1.2344980E-03
+2.4450000E+00	-1.7269844E-03	+1.2433939E-03
+2.4460000E+00	-1.6928700E-03	+1.2513071E-03
+2.4470000E+00	-1.6593235E-03	+1.2582880E-03
+2.4480000E+00	-1.6263566E-03	+1.2643858E-03
+2.4490000E+00	-1.5939785E-03	+1.2696478E-03
+2.4500000E+00	-1.5621960E-03	+1.2741197E-03
+2.4510000E+00	-1.5310137E-03	+1.2778455E-03
+2.4520000E+00	-1.5004343E-03	+1.2808675E-03
+2.4530000E+00	-1.4704587E-03	+1.2832262E-03
+2.4540000E+00	-1.4410864E-03	+1.2849603E-03
+2.4550000E+00	-1.4123151E-03	+1.2861071E-03
+2.4560000E+00	-1.3841417E-03	+1.2867019E-03
+2.4570000E+00	-1.3565615E-03	+1.2867786E-03
+2.4580000E+00	-1.3295692E-03	+1.2863692E-03
+2.4590000E+00	-1.3031585E-03	+1.2855045E-03
+2.4600000E+00	-1.2773222E-03	+1.2842136E-03
+2.4610000E+00	-1.2520527E-03	+1.2825240E-03
+2.4620000E+00	-1.2273415E-03	+1.2804622E-03
+2.4630000E+00	-1.2031801E-03	+1.2780528E-03
+2.4640000E+00	-1.1795592E-03	+1.2753196E-03
+2.4650000E+00	-1.1564692E-03	+1.2722848E-03
+2.4660000E+00	-1.1339005E-03	+1.2689695E-03
+2.4670000E+00	-1.1118431E-03	+1.2653937E-03
+2.4680000E+00	-1.0902867E-03	+1.2615762E-03
+2.4690000E+00	-1.0692212E-03	+1.2575349E-03
+2.4700000E+00	-1.0486363E-03	+1.2532866E-03
+2.4710000E+00	-1.0285216E-03	+1.2488471E-03
+2.4720000E+00	-1.0088667E-03	+1.2442314E-03
+2.4730000E+00	-9.8966134E-04	+1.2394536E-03
+2.4740000E+00	-9.7089525E-04	+1.2345270E-03
+2.4750000E+00	-9.5255823E-04	+1.2294641E-03
+2.4760000E+00	-9.3464018E-04	+1.2242766E-03
+2.4770000E+00	-9.1713112E-04	+1.2189756E-03
+2.4780000E+00	-9.0002121E-04	+1.2135715E-03
+2.4790000E+00	-8.8330071E-04	+1.2080742E-03
+2.4800000E+00	-8.6696007E-04	+1.2024928E-03
+2.4810000E+00	-8.5098989E-04	+1.1968360E-03
+2.4820000E+00	-8.3538094E-04	+1.1911119E-03
+2.4830000E+00	-8.2012415E-04	+1.1853280E-03
+2.4840000E+00	-8.0521065E-04	+1.1794916E-03
+2.4850000E+00	-7.9063172E-04	+1.1736094E-03
+2.4860000E+00	-7.7637887E-04	+1.1676875E-03
+2.4870000E+00	-7.6244377E-04	+1.1617320E-03
+2.4880000E+00	-7.4881827E-04	+1.1557482E-03
+2.4890000E+00	-7.3549444E-04	+1.1497415E-03
+2.4900000E+00	-7.2246449E-04	+1.1437165E-03
+2.4910000E+00	-7.0972088E-04	+1.1376779E-03
+2.4920000E+00	-6.9725619E-04	+1.1316298E-03
+2.4930000E+00	-6.8506325E-04	+1.1255761E-03
+2.4940000E+00	-6.7313501E-04	+1.1195206E-03
+2.4950000E+00	-6.6146465E-04	+1.1134667E-03
+2.4960000E+00	-6.5004550E-04	+1.1074175E-03
+2.4970000E+00	-6.3887108E-04	+1.1013761E-03
+2.4980000E+00	-6.2793507E-04	+1.0953453E-03
+2.4990000E+00	-6.1723132E-04	+1.0893275E-03
+2.5000000E+00	-6.0675385E-04	+1.0833252E-03
+2.5010000E+00	-5.9649685E-04	+1.0773407E-03
+2.5020000E+00	-5.8645465E-04	+1.0713760E-03
+2.5030000E+00	-5.7662175E-04	+1.0654330E-03
+2.5040000E+00	-5.6699280E-04	+1.0595134E-03
+2.5050000E+00	-5.5756259E-04	+1.0536190E-03
+2.5060000E+00	-5.4832605E-04	+1.0477512E-03
+2.5070000E+00	-5.3927828E-04	+1.0419113E-03
+2.5080000E+00	-5.3041448E-04	+1.0361008E-03
+2.5090000E+00	-5.2173001E-04	+1.0303207E-03
+2.5100000E+00	-5.1322035E-04	+1.0245722E-03
+2.5110000E+00	-5.0488110E-04	+1.0188562E-03
+2.5120000E+00	-4.9670801E-04	+1.0131736E-03
+2.5130000E+00	-4.8869691E-04	+1.0075252E-03
+2.5140000E+00	-4.8084378E-04	+1.0019118E-03
+2.5150000E+00	-4.7314470E-04	+9.9633396E-04
+2.5160000E+00	-4.6559587E-04	+9.9079238E-04
+2.5170000E+00	-4.5819357E-04	+9.8528754E-04
+2.5180000E+00	-4.5093422E-04	+9.7981994E-04
+2.5190000E+00	-4.4381432E-04	+9.7438998E-04
+2.5200000E+00	-4.3683047E-04	+9.6899803E-04
+2.5210000E+00	-4.2997937E-04	+9.6364441E-04
+2.5220000E+00	-4.2325781E-04	+9.5832939E-04
+2.5230000E+00	-4.1666267E-04	+9.5305320E-04
+2.5240000E+00	-4.1019091E-04	+9.4781602E-04
+2.5250000E+00	-4.0383959E-04	+9.4261802E-04
+2.5260000E+00	-3.9760584E-04	+9.3745929E-04
+2.5270000E+00	-3.9148688E-04	+9.3233993E-04
+2.5280000E+00	-3.8548000E-04	+9.2725998E-04
+2.5290000E+00	-3.7958255E-04	+9.2221947E-04
+2.5300000E+00	-3.7379199E-04	+9.1721840E-04
+2.5310000E+00	-3.6810581E-04	+9.1225674E-04
+2.5320000E+00	-3.6252160E-04	+9.0733444E-04
+2.5330000E+00	-3.5703701E-04	+9.0245141E-04
+2.5340000E+00	-3.5164972E-04	+8.9760758E-04
+2.5350000E+00	-3.4635753E-04	+8.9280283E-04
+2.5360000E+00	-3.4115826E-04	+8.8803702E-04
+2.5370000E+00	-3.3604979E-04	+8.8331002E-04
+2.5380000E+00	-3.3103009E-04	+8.7862166E-04
+2.5390000E+00	-3.2609714E-04	+8.7397177E-04
+2.5400000E+00	-3.2124900E-04	+8.6936016E-04
+2.5410000E+00	-3.1648379E-04	+8.6478663E-04
+2.5420000E+00	-3.1179965E-04	+8.6025098E-04
+2.5430000E+00	-3.0719480E-04	+8.5575299E-04
+2.5440000E+00	-3.0266750E-04	+8.5129241E-04
+2.5450000E+00	-2.9821604E-04	+8.4686903E-04
+2.5460000E+00	-2.9383876E-04	+8.4248260E-04
+2.5470000E+00	-2.8953406E-04	+8.3813285E-04
+2.5480000E+00	-2.8530037E-04	+8.3381954E-04
+2.5490000E+00	-2.8113617E-04	+8.2954241E-04
+2.5500000E+00	-2.7703995E-04	+8.2530117E-04
+2.5510000E+00	-2.7301027E-04	+8.2109557E-04
+2.5520000E+00	-2.6904573E-04	+8.1692532E-04
+2.5530000E+00	-2.6514494E-04	+8.1279014E-04
+2.5540000E+00	-2.6130656E-04	+8.0868975E-04
+2.5550000E+00	-2.5752928E-04	+8.0462386E-04
+2.5560000E+00	-2.5381184E-04	+8.0059218E-04
+2.5570000E+00	-2.5015299E-04	+7.9659442E-04
+2.5580000E+00	-2.4655151E-04	+7.9263028E-04
+2.5590000E+00	-2.4300624E-04	+7.8869948E-04
+2.5600000E+00	-2.3951602E-04	+7.8480171E-04
+2.5610000E+00	-2.3607973E-04	+7.8093668E-04
+2.5620000E+00	-2.3269627E-04	+7.7710410E-04
+2.5630000E+00	-2.2936458E-04	+7.7330366E-04
+2.5640000E+00	-2.2608362E-04	+7.6953506E-04
+2.5650000E+00	-2.2285238E-04	+7.6579802E-04
+2.5660000E+00	-2.1966985E-04	+7.6209222E-04
+2.5670000E+00	-2.1653509E-04	+7.5841739E-04
+2.5680000E+00	-2.1344714E-04	+7.5477321E-04
+2.5690000E+00	-2.1040508E-04	+7.5115940E-04
+2.5700000E+00	-2.0740802E-04	+7.4757566E-04
+2.5710000E+00	-2.0445509E-04	+7.4402170E-04
+2.5720000E+00	-2.0154542E-04	+7.4049723E-04
+2.5730000E+00	-1.9867818E-04	+7.3700195E-04
+2.5740000E+00	-1.9585256E-04	+7.3353558E-04
+2.5750000E+00	-1.9306777E-04	+7.3009784E-04
+2.5760000E+00	-1.9032301E-04	+7.2668842E-04
+2.5770000E+00	-1.8761755E-04	+7.2330706E-04
+2.5780000E+00	-1.8495062E-04	+7.1995347E-04
+2.5790000E+00	-1.8232152E-04	+7.1662736E-04
+2.5800000E+00	-1.7972953E-04	+7.1332847E-04
+2.5810000E+00	-1.7717397E-04	+7.1005651E-04
+2.5820000E+00	-1.7465415E-04	+7.0681121E-04
+2.5830000E+00	-1.7216942E-04	+7.0359231E-04
+2.5840000E+00	-1.6971914E-04	+7.0039952E-04
+2.5850000E+00	-1.6730266E-04	+6.9723259E-04
+2.5860000E+00	-1.6491939E-04	+6.9409124E-04
+2.5870000E+00	-1.6256872E-04	+6.9097522E-04
+2.5880000E+00	-1.6025005E-04	+6.8788426E-04
+2.5890000E+00	-1.5796281E-04	+6.8481810E-04
+2.5900000E+00	-1.5570645E-04	+6.8177650E-04
+2.5910000E+00	-1.5348041E-04	+6.7875920E-04
+2.5920000E+00	-1.5128415E-04	+6.7576594E-04
+2.5930000E+00	-1.4911715E-04	+6.7279648E-04
+2.5940000E+00	-1.4697889E-04	+6.6985057E-04
+2.5950000E+00	-1.4486887E-04	+6.6692796E-04
+2.5960000E+00	-1.4278660E-04	+6.6402843E-04
+2.5970000E+00	-1.4073160E-04	+6.6115172E-04
+2.5980000E+00	-1.3870339E-04	+6.5829760E-04
+2.5990000E+00	-1.3670151E-04	+6.5546584E-04
+2.6000000E+00	-1.3472552E-04	+6.5265621E-04
+2.6010000E+00	-1.3277496E-04	+6.4986847E-04
+2.6020000E+00	-1.3084942E-04	+6.4710241E-04
+2.6030000E+00	-1.2894846E-04	+6.4435779E-04
+2.6040000E+00	-1.2707167E-04	+6.4163439E-04
+2.6050000E+00	-1.2521865E-04	+6.3893200E-04
+2.6060000E+00	-1.2338900E-04	+6.3625040E-04
+2.6070000E+00	-1.2158233E-04	+6.3358937E-04
+2.6080000E+00	-1.1979826E-04	+6.3094870E-04
+2.6090000E+00	-1.1803641E-04	+6.2832819E-04
+2.6100000E+00	-1.1629643E-04	+6.2572761E-04
+2.6110000E+00	-1.1457795E-04	+6.2314678E-04
+2.6120000E+00	-1.1288062E-04	+6.2058548E-04
+2.6130000E+00	-1.1120411E-04	+6.1804352E-04
+2.6140000E+00	-1.0954807E-04	+6.1552070E-04
+2.6150000E+00	-1.0791217E-04	+6.1301681E-04
+2.6160000E+00	-1.0629609E-04	+6.1053168E-04
+2.6170000E+00	-1.0469952E-04	+6.0806510E-04
+2.6180000E+00	-1.0312215E-04	+6.0561688E-04
+2.6190000E+00	-1.0156366E-04	+6.0318684E-04
+2.6200000E+00	-1.0002377E-04	+6.0077480E-04
+2.6210000E+00	-9.8502182E-05	+5.9838057E-04
+2.6220000E+00	-9.6998607E-05	+5.9600397E-04
+2.6230000E+00	-9.5512767E-05	+5.9364482E-04
+2.6240000E+00	-9.4044386E-05	+5.9130295E-04
+2.6250000E+00	-9.2593194E-05	+5.8897818E-04
+2.6260000E+00	-9.1158927E-05	+5.8667033E-04
+2.6270000E+00	-8.9741325E-05	+5.8437925E-04
+2.6280000E+00	-8.8340134E-05	+5.8210475E-04
+2.6290000E+00	-8.6955103E-05	+5.7984667E-04
+2.6300000E+00	-8.5585989E-05	+5.7760486E-04
+2.6310000E+00	-8.4232550E-05	+5.7537914E-04
+2.6320000E+00	-8.2894551E-05	+5.7316935E-04
+2.6330000E+00	-8.1571761E-05	+5.7097535E-04
+2.6340000E+00	-8.0263953E-05	+5.6879696E-04
+2.6350000E+00	-7.8970905E-05	+5.6663404E-04
+2.6360000E+00	-7.7692397E-05	+5.6448642E-04
+2.6370000E+00	-7.6428215E-05	+5.6235397E-04
+2.6380000E+00	-7.5178149E-05	+5.6023653E-04
+2.6390000E+00	-7.3941993E-05	+5.5813395E-04
+2.6400000E+00	-7.2719543E-05	+5.5604609E-04
+2.6410000E+00	-7.1510600E-05	+5.5397280E-04
+2.6420000E+00	-7.0314970E-05	+5.5191394E-04
+2.6430000E+00	-6.9132459E-05	+5.4986937E-04
+2.6440000E+00	-6.7962880E-05	+5.4783894E-04
+2.6450000E+00	-6.6806048E-05	+5.4582253E-04
+2.6460000E+00	-6.5661781E-05	+5.4382000E-04
+2.6470000E+00	-6.4529901E-05	+5.4183121E-04
+2.6480000E+00	-6.3410232E-05	+5.3985602E-04
+2.6490000E+00	-6.2302602E-05	+5.3789432E-04
+2.6500000E+00	-6.1206843E-05	+5.3594596E-04
+2.6510000E+00	-6.0122787E-05	+5.3401082E-04
+2.6520000E+00	-5.9050273E-05	+5.3208877E-04
+2.6530000E+00	-5.7989140E-05	+5.3017969E-04
+2.6540000E+00	-5.6939230E-05	+5.2828346E-04
+2.6550000E+00	-5.5900388E-05	+5.2639994E-04
+2.6560000E+00	-5.4872463E-05	+5.2452903E-04
+2.6570000E+00	-5.3855305E-05	+5.2267060E-04
+2.6580000E+00	-5.2848768E-05	+5.2082453E-04
+2.6590000E+00	-5.1852706E-05	+5.1899071E-04
+2.6600000E+00	-5.0866979E-05	+5.1716902E-04
+2.6610000E+00	-4.9891446E-05	+5.1535935E-04
+2.6620000E+00	-4.8925971E-05	+5.1356159E-04
+2.6630000E+00	-4.7970419E-05	+5.1177562E-04
+2.6640000E+00	-4.7024658E-05	+5.1000133E-04
+2.6650000E+00	-4.6088557E-05	+5.0823862E-04
+2.6660000E+00	-4.5161988E-05	+5.0648737E-04
+2.6670000E+00	-4.4244825E-05	+5.0474749E-04
+2.6680000E+00	-4.3336946E-05	+5.0301887E-04
+2.6690000E+00	-4.2438227E-05	+5.0130139E-04
+2.6700000E+00	-4.1548549E-05	+4.9959497E-04
+2.6710000E+00	-4.0667795E-05	+4.9789950E-04
+2.6720000E+00	-3.9795848E-05	+4.9621488E-04
+2.6730000E+00	-3.8932595E-05	+4.9454101E-04
+2.6740000E+00	-3.8077924E-05	+4.9287779E-04
+2.6750000E+00	-3.7231724E-05	+4.9122512E-04
+2.6760000E+00	-3.6393887E-05	+4.8958292E-04
+2.6770000E+00	-3.5564307E-05	+4.8795108E-04
+2.6780000E+00	-3.4742877E-05	+4.8632951E-04
+2.6790000E+00	-3.3929496E-05	+4.8471812E-04
+2.6800000E+00	-3.3124061E-05	+4.8311682E-04
+2.6810000E+00	-3.2326473E-05	+4.8152552E-04
+2.6820000E+00	-3.1536633E-05	+4.7994412E-04
+2.6830000E+00	-3.0754444E-05	+4.7837255E-04
+2.6840000E+00	-2.9979810E-05	+4.7681071E-04
+2.6850000E+00	-2.9212639E-05	+4.7525852E-04
+2.6860000E+00	-2.8452837E-05	+4.7371588E-04
+2.6870000E+00	-2.7700314E-05	+4.7218273E-04
+2.6880000E+00	-2.6954981E-05	+4.7065897E-04
+2.6890000E+00	-2.6216748E-05	+4.6914451E-04
+2.6900000E+00	-2.5485530E-05	+4.6763929E-04
+2.6910000E+00	-2.4761241E-05	+4.6614322E-04
+2.6920000E+00	-2.4043797E-05	+4.6465622E-04
+2.6930000E+00	-2.3333115E-05	+4.6317820E-04
+2.6940000E+00	-2.2629114E-05	+4.6170910E-04
+2.6950000E+00	-2.1931713E-05	+4.6024884E-04
+2.6960000E+00	-2.1240833E-05	+4.5879733E-04
+2.6970000E+00	-2.0556397E-05	+4.5735451E-04
+2.6980000E+00	-1.9878327E-05	+4.5592029E-04
+2.6990000E+00	-1.9206549E-05	+4.5449461E-04
+2.7000000E+00	-1.8540987E-05	+4.5307740E-04
+2.7010000E+00	-1.7881569E-05	+4.5166857E-04
+2.7020000E+00	-1.7228222E-05	+4.5026806E-04
+2.7030000E+00	-1.6580876E-05	+4.4887580E-04
+2.7040000E+00	-1.5939460E-05	+4.4749172E-04
+2.7050000E+00	-1.5303904E-05	+4.4611575E-04
+2.7060000E+00	-1.4674142E-05	+4.4474782E-04
+2.7070000E+00	-1.4050106E-05	+4.4338786E-04
+2.7080000E+00	-1.3431730E-05	+4.4203581E-04
+2.7090000E+00	-1.2818949E-05	+4.4069161E-04
+2.7100000E+00	-1.2211699E-05	+4.3935517E-04
+2.7110000E+00	-1.1609917E-05	+4.3802645E-04
+2.7120000E+00	-1.1013540E-05	+4.3670537E-04
+2.7130000E+00	-1.0422507E-05	+4.3539188E-04
+2.7140000E+00	-9.8367572E-06	+4.3408590E-04
+2.7150000E+00	-9.2562315E-06	+4.3278739E-04
+2.7160000E+00	-8.6808709E-06	+4.3149627E-04
+2.7170000E+00	-8.1106175E-06	+4.3021249E-04
+2.7180000E+00	-7.5454141E-06	+4.2893599E-04
+2.7190000E+00	-6.9852043E-06	+4.2766670E-04
+2.7200000E+00	-6.4299328E-06	+4.2640458E-04
+2.7210000E+00	-5.8795447E-06	+4.2514955E-04
+2.7220000E+00	-5.3339861E-06	+4.2390157E-04
+2.7230000E+00	-4.7932038E-06	+4.2266057E-04
+2.7240000E+00	-4.2571453E-06	+4.2142650E-04
+2.7250000E+00	-3.7257588E-06	+4.2019931E-04
+2.7260000E+00	-3.1989934E-06	+4.1897894E-04
+2.7270000E+00	-2.6767986E-06	+4.1776533E-04
+2.7280000E+00	-2.1591250E-06	+4.1655843E-04
+2.7290000E+00	-1.6459235E-06	+4.1535819E-04
+2.7300000E+00	-1.1371458E-06	+4.1416455E-04
+2.7310000E+00	-6.3274439E-07	+4.1297746E-04
+2.7320000E+00	-1.3267226E-07	+4.1179688E-04
+2.7330000E+00	+3.6311692E-07	+4.1062274E-04
+2.7340000E+00	+8.5466885E-07	+4.0945500E-04
+2.7350000E+00	+1.3420286E-06	+4.0829361E-04
+2.7360000E+00	+1.8252407E-06	+4.0713852E-04
+2.7370000E+00	+2.3043489E-06	+4.0598968E-04
+2.7380000E+00	+2.7793967E-06	+4.0484704E-04
+2.7390000E+00	+3.2504266E-06	+4.0371055E-04
+2.7400000E+00	+3.7174809E-06	+4.0258016E-04
+2.7410000E+00	+4.1806011E-06	+4.0145584E-04
+2.7420000E+00	+4.6398283E-06	+4.0033752E-04
+2.7430000E+00	+5.0952029E-06	+3.9922517E-04
+2.7440000E+00	+5.5467650E-06	+3.9811873E-04
+2.7450000E+00	+5.9945539E-06	+3.9701817E-04
+2.7460000E+00	+6.4386086E-06	+3.9592344E-04
+2.7470000E+00	+6.8789675E-06	+3.9483449E-04
+2.7480000E+00	+7.3156685E-06	+3.9375128E-04
+2.7490000E+00	+7.7487490E-06	+3.9267377E-04
+2.7500000E+00	+8.1782460E-06	+3.9160191E-04
+2.7510000E+00	+8.6041959E-06	+3.9053567E-04
+2.7520000E+00	+9.0266348E-06	+3.8947499E-04
+2.7530000E+00	+9.4455981E-06	+3.8841983E-04
+2.7540000E+00	+9.8611209E-06	+3.8737016E-04
+2.7550000E+00	+1.0273238E-05	+3.8632594E-04
+2.7560000E+00	+1.0681983E-05	+3.8528712E-04
+2.7570000E+00	+1.1087391E-05	+3.8425366E-04
+2.7580000E+00	+1.1489493E-05	+3.8322553E-04
+2.7590000E+00	+1.1888325E-05	+3.8220268E-04
+2.7600000E+00	+1.2283916E-05	+3.8118507E-04
+2.7610000E+00	+1.2676301E-05	+3.8017267E-04
+2.7620000E+00	+1.3065511E-05	+3.7916544E-04
+2.7630000E+00	+1.3451576E-05	+3.7816334E-04
+2.7640000E+00	+1.3834528E-05	+3.7716633E-04
+2.7650000E+00	+1.4214397E-05	+3.7617438E-04
+2.7660000E+00	+1.4591214E-05	+3.7518744E-04
+2.7670000E+00	+1.4965008E-05	+3.7420549E-04
+2.7680000E+00	+1.5335809E-05	+3.7322848E-04
+2.7690000E+00	+1.5703645E-05	+3.7225638E-04
+2.7700000E+00	+1.6068545E-05	+3.7128915E-04
+2.7710000E+00	+1.6430538E-05	+3.7032677E-04
+2.7720000E+00	+1.6789652E-05	+3.6936919E-04
+2.7730000E+00	+1.7145913E-05	+3.6841638E-04
+2.7740000E+00	+1.7499351E-05	+3.6746830E-04
+2.7750000E+00	+1.7849991E-05	+3.6652493E-04
+2.7760000E+00	+1.8197860E-05	+3.6558622E-04
+2.7770000E+00	+1.8542984E-05	+3.6465215E-04
+2.7780000E+00	+1.8885390E-05	+3.6372269E-04
+2.7790000E+00	+1.9225103E-05	+3.6279779E-04
+2.7800000E+00	+1.9562149E-05	+3.6187743E-04
+2.7810000E+00	+1.9896553E-05	+3.6096158E-04
+2.7820000E+00	+2.0228339E-05	+3.6005020E-04
+2.7830000E+00	+2.0557532E-05	+3.5914326E-04
+2.7840000E+00	+2.0884157E-05	+3.5824074E-04
+2.7850000E+00	+2.1208236E-05	+3.5734259E-04
+2.7860000E+00	+2.1529795E-05	+3.5644880E-04
+2.7870000E+00	+2.1848855E-05	+3.5555932E-04
+2.7880000E+00	+2.2165441E-05	+3.5467414E-04
+2.7890000E+00	+2.2479575E-05	+3.5379321E-04
+2.7900000E+00	+2.2791280E-05	+3.5291652E-04
+2.7910000E+00	+2.3100577E-05	+3.5204403E-04
+2.7920000E+00	+2.3407490E-05	+3.5117571E-04
+2.7930000E+00	+2.3712039E-05	+3.5031154E-04
+2.7940000E+00	+2.4014247E-05	+3.4945148E-04
+2.7950000E+00	+2.4314134E-05	+3.4859551E-04
+2.7960000E+00	+2.4611722E-05	+3.4774360E-04
+2.7970000E+00	+2.4907032E-05	+3.4689572E-04
+2.7980000E+00	+2.5200084E-05	+3.4605185E-04
+2.7990000E+00	+2.5490897E-05	+3.4521195E-04
+2.8000000E+00	+2.5779494E-05	+3.4437601E-04
+2.8010000E+00	+2.6065893E-05	+3.4354399E-04
+2.8020000E+00	+2.6350114E-05	+3.4271587E-04
+2.8030000E+00	+2.6632176E-05	+3.4189162E-04
+2.8040000E+00	+2.6912099E-05	+3.4107122E-04
+2.8050000E+00	+2.7189901E-05	+3.4025464E-04
+2.8060000E+00	+2.7465602E-05	+3.3944185E-04
+2.8070000E+00	+2.7739220E-05	+3.3863284E-04
+2.8080000E+00	+2.8010774E-05	+3.3782757E-04
+2.8090000E+00	+2.8280281E-05	+3.3702601E-04
+2.8100000E+00	+2.8547759E-05	+3.3622816E-04
+2.8110000E+00	+2.8813227E-05	+3.3543397E-04
+2.8120000E+00	+2.9076701E-05	+3.3464343E-04
+2.8130000E+00	+2.9338200E-05	+3.3385652E-04
+2.8140000E+00	+2.9597740E-05	+3.3307320E-04
+2.8150000E+00	+2.9855339E-05	+3.3229346E-04
+2.8160000E+00	+3.0111013E-05	+3.3151727E-04
+2.8170000E+00	+3.0364779E-05	+3.3074461E-04
+2.8180000E+00	+3.0616653E-05	+3.2997546E-04
+2.8190000E+00	+3.0866651E-05	+3.2920979E-04
+2.8200000E+00	+3.1114790E-05	+3.2844758E-04
+2.8210000E+00	+3.1361086E-05	+3.2768881E-04
+2.8220000E+00	+3.1605554E-05	+3.2693346E-04
+2.8230000E+00	+3.1848210E-05	+3.2618150E-04
+2.8240000E+00	+3.2089070E-05	+3.2543292E-04
+2.8250000E+00	+3.2328148E-05	+3.2468769E-04
+2.8260000E+00	+3.2565459E-05	+3.2394578E-04
+2.8270000E+00	+3.2801019E-05	+3.2320719E-04
+2.8280000E+00	+3.3034843E-05	+3.2247188E-04
+2.8290000E+00	+3.3266944E-05	+3.2173984E-04
+2.8300000E+00	+3.3497338E-05	+3.2101105E-04
+2.8310000E+00	+3.3726039E-05	+3.2028548E-04
+2.8320000E+00	+3.3953061E-05	+3.1956312E-04
+2.8330000E+00	+3.4178417E-05	+3.1884394E-04
+2.8340000E+00	+3.4402122E-05	+3.1812793E-04
+2.8350000E+00	+3.4624190E-05	+3.1741506E-04
+2.8360000E+00	+3.4844634E-05	+3.1670532E-04
+2.8370000E+00	+3.5063467E-05	+3.1599869E-04
+2.8380000E+00	+3.5280703E-05	+3.1529514E-04
+2.8390000E+00	+3.5496355E-05	+3.1459466E-04
+2.8400000E+00	+3.5710436E-05	+3.1389723E-04
+2.8410000E+00	+3.5922959E-05	+3.1320282E-04
+2.8420000E+00	+3.6133936E-05	+3.1251143E-04
+2.8430000E+00	+3.6343380E-05	+3.1182304E-04
+2.8440000E+00	+3.6551304E-05	+3.1113761E-04
+2.8450000E+00	+3.6757721E-05	+3.1045514E-04
+2.8460000E+00	+3.6962641E-05	+3.0977561E-04
+2.8470000E+00	+3.7166078E-05	+3.0909900E-04
+2.8480000E+00	+3.7368044E-05	+3.0842529E-04
+2.8490000E+00	+3.7568549E-05	+3.0775447E-04
+2.8500000E+00	+3.7767607E-05	+3.0708651E-04
+2.8510000E+00	+3.7965228E-05	+3.0642140E-04
+2.8520000E+00	+3.8161425E-05	+3.0575913E-04
+2.8530000E+00	+3.8356208E-05	+3.0509967E-04
+2.8540000E+00	+3.8549589E-05	+3.0444300E-04
+2.8550000E+00	+3.8741579E-05	+3.0378912E-04
+2.8560000E+00	+3.8932189E-05	+3.0313800E-04
+2.8570000E+00	+3.9121430E-05	+3.0248963E-04
+2.8580000E+00	+3.9309313E-05	+3.0184400E-04
+2.8590000E+00	+3.9495849E-05	+3.0120107E-04
+2.8600000E+00	+3.9681048E-05	+3.0056085E-04
+2.8610000E+00	+3.9864921E-05	+2.9992331E-04
+2.8620000E+00	+4.0047478E-05	+2.9928844E-04
+2.8630000E+00	+4.0228729E-05	+2.9865621E-04
+2.8640000E+00	+4.0408686E-05	+2.9802663E-04
+2.8650000E+00	+4.0587357E-05	+2.9739966E-04
+2.8660000E+00	+4.0764753E-05	+2.9677530E-04
+2.8670000E+00	+4.0940884E-05	+2.9615353E-04
+2.8680000E+00	+4.1115759E-05	+2.9553433E-04
+2.8690000E+00	+4.1289389E-05	+2.9491769E-04
+2.8700000E+00	+4.1461783E-05	+2.9430359E-04
+2.8710000E+00	+4.1632951E-05	+2.9369203E-04
+2.8720000E+00	+4.1802901E-05	+2.9308298E-04
+2.8730000E+00	+4.1971644E-05	+2.9247643E-04
+2.8740000E+00	+4.2139188E-05	+2.9187236E-04
+2.8750000E+00	+4.2305544E-05	+2.9127077E-04
+2.8760000E+00	+4.2470719E-05	+2.9067163E-04
+2.8770000E+00	+4.2634723E-05	+2.9007493E-04
+2.8780000E+00	+4.2797565E-05	+2.8948067E-04
+2.8790000E+00	+4.2959254E-05	+2.8888881E-04
+2.8800000E+00	+4.3119799E-05	+2.8829936E-04
+2.8810000E+00	+4.3279207E-05	+2.8771230E-04
+2.8820000E+00	+4.3437488E-05	+2.8712761E-04
+2.8830000E+00	+4.3594650E-05	+2.8654528E-04
+2.8840000E+00	+4.3750702E-05	+2.8596529E-04
+2.8850000E+00	+4.3905652E-05	+2.8538764E-04
+2.8860000E+00	+4.4059509E-05	+2.8481231E-04
+2.8870000E+00	+4.4212279E-05	+2.8423929E-04
+2.8880000E+00	+4.4363973E-05	+2.8366856E-04
+2.8890000E+00	+4.4514597E-05	+2.8310011E-04
+2.8900000E+00	+4.4664160E-05	+2.8253393E-04
+2.8910000E+00	+4.4812669E-05	+2.8197000E-04
+2.8920000E+00	+4.4960132E-05	+2.8140832E-04
+2.8930000E+00	+4.5106558E-05	+2.8084886E-04
+2.8940000E+00	+4.5251953E-05	+2.8029163E-04
+2.8950000E+00	+4.5396326E-05	+2.7973660E-04
+2.8960000E+00	+4.5539683E-05	+2.7918376E-04
+2.8970000E+00	+4.5682033E-05	+2.7863311E-04
+2.8980000E+00	+4.5823383E-05	+2.7808462E-04
+2.8990000E+00	+4.5963740E-05	+2.7753829E-04
+2.9000000E+00	+4.6103111E-05	+2.7699410E-04
+2.9010000E+00	+4.6241504E-05	+2.7645205E-04
+2.9020000E+00	+4.6378926E-05	+2.7591212E-04
+2.9030000E+00	+4.6515383E-05	+2.7537430E-04
+2.9040000E+00	+4.6650883E-05	+2.7483857E-04
+2.9050000E+00	+4.6785433E-05	+2.7430494E-04
+2.9060000E+00	+4.6919039E-05	+2.7377337E-04
+2.9070000E+00	+4.7051709E-05	+2.7324388E-04
+2.9080000E+00	+4.7183450E-05	+2.7271643E-04
+2.9090000E+00	+4.7314267E-05	+2.7219103E-04
+2.9100000E+00	+4.7444167E-05	+2.7166766E-04
+2.9110000E+00	+4.7573158E-05	+2.7114630E-04
+2.9120000E+00	+4.7701246E-05	+2.7062696E-04
+2.9130000E+00	+4.7828436E-05	+2.7010961E-04
+2.9140000E+00	+4.7954736E-05	+2.6959425E-04
+2.9150000E+00	+4.8080152E-05	+2.6908086E-04
+2.9160000E+00	+4.8204690E-05	+2.6856945E-04
+2.9170000E+00	+4.8328357E-05	+2.6805998E-04
+2.9180000E+00	+4.8451158E-05	+2.6755246E-04
+2.9190000E+00	+4.8573100E-05	+2.6704688E-04
+2.9200000E+00	+4.8694188E-05	+2.6654322E-04
+2.9210000E+00	+4.8814430E-05	+2.6604147E-04
+2.9220000E+00	+4.8933830E-05	+2.6554163E-04
+2.9230000E+00	+4.9052395E-05	+2.6504368E-04
+2.9240000E+00	+4.9170130E-05	+2.6454761E-04
+2.9250000E+00	+4.9287042E-05	+2.6405342E-04
+2.9260000E+00	+4.9403136E-05	+2.6356109E-04
+2.9270000E+00	+4.9518418E-05	+2.6307062E-04
+2.9280000E+00	+4.9632893E-05	+2.6258199E-04
+2.9290000E+00	+4.9746568E-05	+2.6209519E-04
+2.9300000E+00	+4.9859447E-05	+2.6161022E-04
+2.9310000E+00	+4.9971537E-05	+2.6112706E-04
+2.9320000E+00	+5.0082842E-05	+2.6064571E-04
+2.9330000E+00	+5.0193369E-05	+2.6016616E-04
+2.9340000E+00	+5.0303122E-05	+2.5968839E-04
+2.9350000E+00	+5.0412107E-05	+2.5921240E-04
+2.9360000E+00	+5.0520329E-05	+2.5873818E-04
+2.9370000E+00	+5.0627793E-05	+2.5826572E-04
+2.9380000E+00	+5.0734505E-05	+2.5779500E-04
+2.9390000E+00	+5.0840470E-05	+2.5732603E-04
+2.9400000E+00	+5.0945693E-05	+2.5685880E-04
+2.9410000E+00	+5.1050178E-05	+2.5639328E-04
+2.9420000E+00	+5.1153932E-05	+2.5592948E-04
+2.9430000E+00	+5.1256958E-05	+2.5546739E-04
+2.9440000E+00	+5.1359263E-05	+2.5500699E-04
+2.9450000E+00	+5.1460850E-05	+2.5454828E-04
+2.9460000E+00	+5.1561725E-05	+2.5409125E-04
+2.9470000E+00	+5.1661893E-05	+2.5363590E-04
+2.9480000E+00	+5.1761357E-05	+2.5318220E-04
+2.9490000E+00	+5.1860124E-05	+2.5273016E-04
+2.9500000E+00	+5.1958198E-05	+2.5227977E-04
+2.9510000E+00	+5.2055582E-05	+2.5183101E-04
+2.9520000E+00	+5.2152283E-05	+2.5138388E-04
+2.9530000E+00	+5.2248305E-05	+2.5093837E-04
+2.9540000E+00	+5.2343651E-05	+2.5049448E-04
+2.9550000E+00	+5.2438328E-05	+2.5005219E-04
+2.9560000E+00	+5.2532338E-05	+2.4961150E-04
+2.9570000E+00	+5.2625687E-05	+2.4917240E-04
+2.9580000E+00	+5.2718379E-05	+2.4873487E-04
+2.9590000E+00	+5.2810418E-05	+2.4829892E-04
+2.9600000E+00	+5.2901809E-05	+2.4786454E-04
+2.9610000E+00	+5.2992556E-05	+2.4743171E-04
+2.9620000E+00	+5.3082663E-05	+2.4700044E-04
+2.9630000E+00	+5.3172135E-05	+2.4657070E-04
+2.9640000E+00	+5.3260975E-05	+2.4614250E-04
+2.9650000E+00	+5.3349188E-05	+2.4571583E-04
+2.9660000E+00	+5.3436778E-05	+2.4529067E-04
+2.9670000E+00	+5.3523749E-05	+2.4486703E-04
+2.9680000E+00	+5.3610105E-05	+2.4444489E-04
+2.9690000E+00	+5.3695850E-05	+2.4402424E-04
+2.9700000E+00	+5.3780988E-05	+2.4360509E-04
+2.9710000E+00	+5.3865523E-05	+2.4318742E-04
+2.9720000E+00	+5.3949459E-05	+2.4277123E-04
+2.9730000E+00	+5.4032800E-05	+2.4235650E-04
+2.9740000E+00	+5.4115550E-05	+2.4194323E-04
+2.9750000E+00	+5.4197712E-05	+2.4153142E-04
+2.9760000E+00	+5.4279291E-05	+2.4112105E-04
+2.9770000E+00	+5.4360290E-05	+2.4071212E-04
+2.9780000E+00	+5.4440713E-05	+2.4030463E-04
+2.9790000E+00	+5.4520563E-05	+2.3989856E-04
+2.9800000E+00	+5.4599845E-05	+2.3949391E-04
+2.9810000E+00	+5.4678562E-05	+2.3909067E-04
+2.9820000E+00	+5.4756717E-05	+2.3868883E-04
+2.9830000E+00	+5.4834314E-05	+2.3828840E-04
+2.9840000E+00	+5.4911358E-05	+2.3788935E-04
+2.9850000E+00	+5.4987850E-05	+2.3749169E-04
+2.9860000E+00	+5.5063796E-05	+2.3709541E-04
+2.9870000E+00	+5.5139197E-05	+2.3670050E-04
+2.9880000E+00	+5.5214059E-05	+2.3630696E-04
+2.9890000E+00	+5.5288384E-05	+2.3591477E-04
+2.9900000E+00	+5.5362175E-05	+2.3552394E-04
+2.9910000E+00	+5.5435436E-05	+2.3513445E-04
+2.9920000E+00	+5.5508171E-05	+2.3474631E-04
+2.9930000E+00	+5.5580382E-05	+2.3435949E-04
+2.9940000E+00	+5.5652074E-05	+2.3397400E-04
+2.9950000E+00	+5.5723248E-05	+2.3358984E-04
+2.9960000E+00	+5.5793910E-05	+2.3320698E-04
+2.9970000E+00	+5.5864061E-05	+2.3282544E-04
+2.9980000E+00	+5.5933705E-05	+2.3244519E-04
+2.9990000E+00	+5.6002845E-05	+2.3206625E-04
+3.0000000E+00	+5.6071484E-05	+2.3168859E-04
