+2.0000000E+00	+1.4781108E-04	-2.9647251E-04
+2.0010000E+00	+1.4771708E-04	-2.9743948E-04
+2.0020000E+00	+1.4762167E-04	-2.9841117E-04
+2.0030000E+00	+1.4752486E-04	-2.9938760E-04
+2.0040000E+00	+1.4742661E-04	-3.0036882E-04
+2.0050000E+00	+1.4732690E-04	-3.0135485E-04
+2.0060000E+00	+1.4722573E-04	-3.0234574E-04
+2.0070000E+00	+1.4712306E-04	-3.0334152E-04
+2.0080000E+00	+1.4701888E-04	-3.0434223E-04
+2.0090000E+00	+1.4691317E-04	-3.0534790E-04
+2.0100000E+00	+1.4680590E-04	-3.0635858E-04
+2.0110000E+00	+1.4669705E-04	-3.0737429E-04
+2.0120000E+00	+1.4658661E-04	-3.0839509E-04
+2.0130000E+00	+1.4647455E-04	-3.0942100E-04
+2.0140000E+00	+1.4636085E-04	-3.1045208E-04
+2.0150000E+00	+1.4624549E-04	-3.1148835E-04
+2.0160000E+00	+1.4612844E-04	-3.1252985E-04
+2.0170000E+00	+1.4600968E-04	-3.1357664E-04
+2.0180000E+00	+1.4588919E-04	-3.1462874E-04
+2.0190000E+00	+1.4576694E-04	-3.1568620E-04
+2.0200000E+00	+1.4564291E-04	-3.1674907E-04
+2.0210000E+00	+1.4551707E-04	-3.1781737E-04
+2.0220000E+00	+1.4538940E-04	-3.1889116E-04
+2.0230000E+00	+1.4525987E-04	-3.1997048E-04
+2.0240000E+00	+1.4512846E-04	-3.2105536E-04
+2.0250000E+00	+1.4499513E-04	-3.2214586E-04
+2.0260000E+00	+1.4485987E-04	-3.2324202E-04
+2.0270000E+00	+1.4472265E-04	-3.2434388E-04
+2.0280000E+00	+1.4458343E-04	-3.2545148E-04
+2.0290000E+00	+1.4444219E-04	-3.2656488E-04
+2.0300000E+00	+1.4429890E-04	-3.2768411E-04
+2.0310000E+00	+1.4415353E-04	-3.2880923E-04
+2.0320000E+00	+1.4400606E-04	-3.2994028E-04
+2.0330000E+00	+1.4385644E-04	-3.3107730E-04
+2.0340000E+00	+1.4370465E-04	-3.3222034E-04
+2.0350000E+00	+1.4355066E-04	-3.3336945E-04
+2.0360000E+00	+1.4339444E-04	-3.3452469E-04
+2.0370000E+00	+1.4323596E-04	-3.3568609E-04
+2.0380000E+00	+1.4307517E-04	-3.3685371E-04
+2.0390000E+00	+1.4291206E-04	-3.3802759E-04
+2.0400000E+00	+1.4274657E-04	-3.3920779E-04
+2.0410000E+00	+1.4257869E-04	-3.4039435E-04
+2.0420000E+00	+1.4240837E-04	-3.4158733E-04
+2.0430000E+00	+1.4223558E-04	-3.4278678E-04
+2.0440000E+00	+1.4206028E-04	-3.4399275E-04
+2.0450000E+00	+1.4188243E-04	-3.4520529E-04
+2.0460000E+00	+1.4170201E-04	-3.4642446E-04
+2.0470000E+00	+1.4151896E-04	-3.4765031E-04
+2.0480000E+00	+1.4133325E-04	-3.4888289E-04
+2.0490000E+00	+1.4114484E-04	-3.5012225E-04
+2.0500000E+00	+1.4095369E-04	-3.5136846E-04
+2.0510000E+00	+1.4075976E-04	-3.5262156E-04
+2.0520000E+00	+1.4056300E-04	-3.5388162E-04
+2.0530000E+00	+1.4036338E-04	-3.5514868E-04
+2.0540000E+00	+1.4016085E-04	-3.5642281E-04
+2.0550000E+00	+1.3995537E-04	-3.5770406E-04
+2.0560000E+00	+1.3974688E-04	-3.5899249E-04
+2.0570000E+00	+1.3953536E-04	-3.6028816E-04
+2.0580000E+00	+1.3932074E-04	-3.6159113E-04
+2.0590000E+00	+1.3910299E-04	-3.6290146E-04
+2.0600000E+00	+1.3888205E-04	-3.6421920E-04
+2.0610000E+00	+1.3865788E-04	-3.6554442E-04
+2.0620000E+00	+1.3843042E-04	-3.6687718E-04
+2.0630000E+00	+1.3819963E-04	-3.6821754E-04
+2.0640000E+00	+1.3796545E-04	-3.6956556E-04
+2.0650000E+00	+1.3772783E-04	-3.7092130E-04
+2.0660000E+00	+1.3748672E-04	-3.7228484E-04
+2.0670000E+00	+1.3724206E-04	-3.7365622E-04
+2.0680000E+00	+1.3699380E-04	-3.7503553E-04
+2.0690000E+00	+1.3674188E-04	-3.7642281E-04
+2.0700000E+00	+1.3648624E-04	-3.7781814E-04
+2.0710000E+00	+1.3622683E-04	-3.7922158E-04
+2.0720000E+00	+1.3596358E-04	-3.8063320E-04
+2.0730000E+00	+1.3569644E-04	-3.8205307E-04
+2.0740000E+00	+1.3542534E-04	-3.8348125E-04
+2.0750000E+00	+1.3515022E-04	-3.8491781E-04
+2.0760000E+00	+1.3487102E-04	-3.8636282E-04
+2.0770000E+00	+1.3458767E-04	-3.8781635E-04
+2.0780000E+00	+1.3430010E-04	-3.8927848E-04
+2.0790000E+00	+1.3400825E-04	-3.9074926E-04
+2.0800000E+00	+1.3371204E-04	-3.9222877E-04
+2.0810000E+00	+1.3341142E-04	-3.9371709E-04
+2.0820000E+00	+1.3310630E-04	-3.9521428E-04
+2.0830000E+00	+1.3279661E-04	-3.9672042E-04
+2.0840000E+00	+1.3248228E-04	-3.9823558E-04
+2.0850000E+00	+1.3216324E-04	-3.9975984E-04
+2.0860000E+00	+1.3183940E-04	-4.0129326E-04
+2.0870000E+00	+1.3151068E-04	-4.0283593E-04
+2.0880000E+00	+1.3117702E-04	-4.0438792E-04
+2.0890000E+00	+1.3083833E-04	-4.0594931E-04
+2.0900000E+00	+1.3049451E-04	-4.0752017E-04
+2.0910000E+00	+1.3014550E-04	-4.0910058E-04
+2.0920000E+00	+1.2979120E-04	-4.1069061E-04
+2.0930000E+00	+1.2943152E-04	-4.1229035E-04
+2.0940000E+00	+1.2906638E-04	-4.1389988E-04
+2.0950000E+00	+1.2869569E-04	-4.1551926E-04
+2.0960000E+00	+1.2831935E-04	-4.1714860E-04
+2.0970000E+00	+1.2793726E-04	-4.1878795E-04
+2.0980000E+00	+1.2754934E-04	-4.2043741E-04
+2.0990000E+00	+1.2715548E-04	-4.2209705E-04
+2.1000000E+00	+1.2675559E-04	-4.2376696E-04
+2.1010000E+00	+1.2634955E-04	-4.2544722E-04
+2.1020000E+00	+1.2593727E-04	-4.2713792E-04
+2.1030000E+00	+1.2551865E-04	-4.2883912E-04
+2.1040000E+00	+1.2509356E-04	-4.3055093E-04
+2.1050000E+00	+1.2466191E-04	-4.3227341E-04
+2.1060000E+00	+1.2422359E-04	-4.3400666E-04
+2.1070000E+00	+1.2377846E-04	-4.3575077E-04
+2.1080000E+00	+1.2332643E-04	-4.3750581E-04
+2.1090000E+00	+1.2286737E-04	-4.3927187E-04
+2.1100000E+00	+1.2240117E-04	-4.4104903E-04
+2.1110000E+00	+1.2192768E-04	-4.4283739E-04
+2.1120000E+00	+1.2144680E-04	-4.4463703E-04
+2.1130000E+00	+1.2095840E-04	-4.4644804E-04
+2.1140000E+00	+1.2046234E-04	-4.4827049E-04
+2.1150000E+00	+1.1995848E-04	-4.5010449E-04
+2.1160000E+00	+1.1944671E-04	-4.5195011E-04
+2.1170000E+00	+1.1892686E-04	-4.5380744E-04
+2.1180000E+00	+1.1839882E-04	-4.5567658E-04
+2.1190000E+00	+1.1786242E-04	-4.5755760E-04
+2.1200000E+00	+1.1731753E-04	-4.5945060E-04
+2.1210000E+00	+1.1676399E-04	-4.6135566E-04
+2.1220000E+00	+1.1620166E-04	-4.6327288E-04
+2.1230000E+00	+1.1563037E-04	-4.6520233E-04
+2.1240000E+00	+1.1504998E-04	-4.6714411E-04
+2.1250000E+00	+1.1446031E-04	-4.6909830E-04
+2.1260000E+00	+1.1386121E-04	-4.7106499E-04
+2.1270000E+00	+1.1325250E-04	-4.7304427E-04
+2.1280000E+00	+1.1263402E-04	-4.7503622E-04
+2.1290000E+00	+1.1200559E-04	-4.7704093E-04
+2.1300000E+00	+1.1136704E-04	-4.7905849E-04
+2.1310000E+00	+1.1071818E-04	-4.8108898E-04
+2.1320000E+00	+1.1005883E-04	-4.8313248E-04
+2.1330000E+00	+1.0938880E-04	-4.8518908E-04
+2.1340000E+00	+1.0870791E-04	-4.8725887E-04
+2.1350000E+00	+1.0801595E-04	-4.8934192E-04
+2.1360000E+00	+1.0731273E-04	-4.9143832E-04
+2.1370000E+00	+1.0659804E-04	-4.9354815E-04
+2.1380000E+00	+1.0587168E-04	-4.9567149E-04
+2.1390000E+00	+1.0513344E-04	-4.9780842E-04
+2.1400000E+00	+1.0438310E-04	-4.9995902E-04
+2.1410000E+00	+1.0362046E-04	-5.0212336E-04
+2.1420000E+00	+1.0284527E-04	-5.0430152E-04
+2.1430000E+00	+1.0205733E-04	-5.0649358E-04
+2.1440000E+00	+1.0125639E-04	-5.0869960E-04
+2.1450000E+00	+1.0044222E-04	-5.1091966E-04
+2.1460000E+00	+9.9614593E-05	-5.1315383E-04
+2.1470000E+00	+9.8773253E-05	-5.1540217E-04
+2.1480000E+00	+9.7917956E-05	-5.1766476E-04
+2.1490000E+00	+9.7048450E-05	-5.1994164E-04
+2.1500000E+00	+9.6164478E-05	-5.2223290E-04
+2.1510000E+00	+9.5265779E-05	-5.2453858E-04
+2.1520000E+00	+9.4352086E-05	-5.2685873E-04
+2.1530000E+00	+9.3423130E-05	-5.2919343E-04
+2.1540000E+00	+9.2478634E-05	-5.3154270E-04
+2.1550000E+00	+9.1518319E-05	-5.3390661E-04
+2.1560000E+00	+9.0541900E-05	-5.3628520E-04
+2.1570000E+00	+8.9549087E-05	-5.3867851E-04
+2.1580000E+00	+8.8539586E-05	-5.4108657E-04
+2.1590000E+00	+8.7513097E-05	-5.4350942E-04
+2.1600000E+00	+8.6469315E-05	-5.4594710E-04
+2.1610000E+00	+8.5407931E-05	-5.4839962E-04
+2.1620000E+00	+8.4328632E-05	-5.5086701E-04
+2.1630000E+00	+8.3231097E-05	-5.5334929E-04
+2.1640000E+00	+8.2115003E-05	-5.5584647E-04
+2.1650000E+00	+8.0980021E-05	-5.5835855E-04
+2.1660000E+00	+7.9825816E-05	-5.6088555E-04
+2.1670000E+00	+7.8652050E-05	-5.6342744E-04
+2.1680000E+00	+7.7458379E-05	-5.6598424E-04
+2.1690000E+00	+7.6244454E-05	-5.6855591E-04
+2.1700000E+00	+7.5009921E-05	-5.7114245E-04
+2.1710000E+00	+7.3754423E-05	-5.7374382E-04
+2.1720000E+00	+7.2477596E-05	-5.7635999E-04
+2.1730000E+00	+7.1179073E-05	-5.7899091E-04
+2.1740000E+00	+6.9858482E-05	-5.8163654E-04
+2.1750000E+00	+6.8515447E-05	-5.8429682E-04
+2.1760000E+00	+6.7149587E-05	-5.8697168E-04
+2.1770000E+00	+6.5760518E-05	-5.8966106E-04
+2.1780000E+00	+6.4347850E-05	-5.9236486E-04
+2.1790000E+00	+6.2911190E-05	-5.9508300E-04
+2.1800000E+00	+6.1450144E-05	-5.9781537E-04
+2.1810000E+00	+5.9964311E-05	-6.0056187E-04
+2.1820000E+00	+5.8453288E-05	-6.0332238E-04
+2.1830000E+00	+5.6916671E-05	-6.0609675E-04
+2.1840000E+00	+5.5354049E-05	-6.0888485E-04
+2.1850000E+00	+5.3765014E-05	-6.1168653E-04
+2.1860000E+00	+5.2149152E-05	-6.1450162E-04
+2.1870000E+00	+5.0506048E-05	-6.1732994E-04
+2.1880000E+00	+4.8835287E-05	-6.2017129E-04
+2.1890000E+00	+4.7136453E-05	-6.2302549E-04
+2.1900000E+00	+4.5409129E-05	-6.2589230E-04
+2.1910000E+00	+4.3652897E-05	-6.2877150E-04
+2.1920000E+00	+4.1867341E-05	-6.3166285E-04
+2.1930000E+00	+4.0052046E-05	-6.3456608E-04
+2.1940000E+00	+3.8206598E-05	-6.3748092E-04
+2.1950000E+00	+3.6330587E-05	-6.4040708E-04
+2.1960000E+00	+3.4423603E-05	-6.4334425E-04
+2.1970000E+00	+3.2485242E-05	-6.4629211E-04
+2.1980000E+00	+3.0515105E-05	-6.4925033E-04
+2.1990000E+00	+2.8512796E-05	-6.5221855E-04
+2.2000000E+00	+2.6477927E-05	-6.5519639E-04
+2.2010000E+00	+2.4410116E-05	-6.5818347E-04
+2.2020000E+00	+2.2308989E-05	-6.6117938E-04
+2.2030000E+00	+2.0174181E-05	-6.6418370E-04
+2.2040000E+00	+1.8005339E-05	-6.6719598E-04
+2.2050000E+00	+1.5802119E-05	-6.7021575E-04
+2.2060000E+00	+1.3564189E-05	-6.7324255E-04
+2.2070000E+00	+1.1291232E-05	-6.7627586E-04
+2.2080000E+00	+8.9829453E-06	-6.7931518E-04
+2.2090000E+00	+6.6390428E-06	-6.8235997E-04
+2.2100000E+00	+4.2592557E-06	-6.8540967E-04
+2.2110000E+00	+1.8433342E-06	-6.8846371E-04
+2.2120000E+00	-6.0895052E-07	-6.9152149E-04
+2.2130000E+00	-3.0978053E-06	-6.9458241E-04
+2.2140000E+00	-5.6234131E-06	-6.9764585E-04
+2.2150000E+00	-8.1859311E-06	-7.0071115E-04
+2.2160000E+00	-1.0785489E-05	-7.0377767E-04
+2.2170000E+00	-1.3422189E-05	-7.0684471E-04
+2.2180000E+00	-1.6096099E-05	-7.0991159E-04
+2.2190000E+00	-1.8807257E-05	-7.1297761E-04
+2.2200000E+00	-2.1555665E-05	-7.1604205E-04
+2.2210000E+00	-2.4341289E-05	-7.1910417E-04
+2.2220000E+00	-2.7164054E-05	-7.2216323E-04
+2.2230000E+00	-3.0023847E-05	-7.2521849E-04
+2.2240000E+00	-3.2920510E-05	-7.2826919E-04
+2.2250000E+00	-3.5853841E-05	-7.3131456E-04
+2.2260000E+00	-3.8823592E-05	-7.3435384E-04
+2.2270000E+00	-4.1829463E-05	-7.3738626E-04
+2.2280000E+00	-4.4871105E-05	-7.4041105E-04
+2.2290000E+00	-4.7948117E-05	-7.4342744E-04
+2.2300000E+00	-5.1060042E-05	-7.4643469E-04
+2.2310000E+00	-5.4206365E-05	-7.4943205E-04
+2.2320000E+00	-5.7386515E-05	-7.5241877E-04
+2.2330000E+00	-6.0599858E-05	-7.5539415E-04
+2.2340000E+00	-6.3845701E-05	-7.5835748E-04
+2.2350000E+00	-6.7123287E-05	-7.6130809E-04
+2.2360000E+00	-7.0431793E-05	-7.6424534E-04
+2.2370000E+00	-7.3770334E-05	-7.6716861E-04
+2.2380000E+00	-7.7137955E-05	-7.7007732E-04
+2.2390000E+00	-8.0533636E-05	-7.7297096E-04
+2.2400000E+00	-8.3956292E-05	-7.7584903E-04
+2.2410000E+00	-8.7404767E-05	-7.7871110E-04
+2.2420000E+00	-9.0877839E-05	-7.8155679E-04
+2.2430000E+00	-9.4374222E-05	-7.8438582E-04
+2.2440000E+00	-9.7892563E-05	-7.8719793E-04
+2.2450000E+00	-1.0143144E-04	-7.8999296E-04
+2.2460000E+00	-1.0498938E-04	-7.9277085E-04
+2.2470000E+00	-1.0856485E-04	-7.9553161E-04
+2.2480000E+00	-1.1215623E-04	-7.9827534E-04
+2.2490000E+00	-1.1576189E-04	-8.0100227E-04
+2.2500000E+00	-1.1938013E-04	-8.0371271E-04
+2.2510000E+00	-1.2300918E-04	-8.0640710E-04
+2.2520000E+00	-1.2664728E-04	-8.0908602E-04
+2.2530000E+00	-1.3029258E-04	-8.1175015E-04
+2.2540000E+00	-1.3394324E-04	-8.1440033E-04
+2.2550000E+00	-1.3759737E-04	-8.1703752E-04
+2.2560000E+00	-1.4125308E-04	-8.1966284E-04
+2.2570000E+00	-1.4490847E-04	-8.2227758E-04
+2.2580000E+00	-1.4856162E-04	-8.2488317E-04
+2.2590000E+00	-1.5221066E-04	-8.2748120E-04
+2.2600000E+00	-1.5585368E-04	-8.3007346E-04
+2.2610000E+00	-1.5948886E-04	-8.3266187E-04
+2.2620000E+00	-1.6311436E-04	-8.3524857E-04
+2.2630000E+00	-1.6672843E-04	-8.3783585E-04
+2.2640000E+00	-1.7032937E-04	-8.4042620E-04
+2.2650000E+00	-1.7391554E-04	-8.4302228E-04
+2.2660000E+00	-1.7748540E-04	-8.4562695E-04
+2.2670000E+00	-1.8103750E-04	-8.4824325E-04
+2.2680000E+00	-1.8457050E-04	-8.5087441E-04
+2.2690000E+00	-1.8808318E-04	-8.5352382E-04
+2.2700000E+00	-1.9157446E-04	-8.5619509E-04
+2.2710000E+00	-1.9504342E-04	-8.5889197E-04
+2.2720000E+00	-1.9848927E-04	-8.6161840E-04
+2.2730000E+00	-2.0191142E-04	-8.6437851E-04
+2.2740000E+00	-2.0530945E-04	-8.6717655E-04
+2.2750000E+00	-2.0868317E-04	-8.7001697E-04
+2.2760000E+00	-2.1203256E-04	-8.7290433E-04
+2.2770000E+00	-2.1535784E-04	-8.7584337E-04
+2.2780000E+00	-2.1865948E-04	-8.7883892E-04
+2.2790000E+00	-2.2193817E-04	-8.8189597E-04
+2.2800000E+00	-2.2519487E-04	-8.8501960E-04
+2.2810000E+00	-2.2843079E-04	-8.8821500E-04
+2.2820000E+00	-2.3164742E-04	-8.9148744E-04
+2.2830000E+00	-2.3484654E-04	-8.9484227E-04
+2.2840000E+00	-2.3803020E-04	-8.9828492E-04
+2.2850000E+00	-2.4120075E-04	-9.0182085E-04
+2.2860000E+00	-2.4436084E-04	-9.0545557E-04
+2.2870000E+00	-2.4751343E-04	-9.0919462E-04
+2.2880000E+00	-2.5066178E-04	-9.1304355E-04
+2.2890000E+00	-2.5380946E-04	-9.1700791E-04
+2.2900000E+00	-2.5696036E-04	-9.2109324E-04
+2.2910000E+00	-2.6011868E-04	-9.2530505E-04
+2.2920000E+00	-2.6328894E-04	-9.2964881E-04
+2.2930000E+00	-2.6647598E-04	-9.3412996E-04
+2.2940000E+00	-2.6968495E-04	-9.3875386E-04
+2.2950000E+00	-2.7292132E-04	-9.4352580E-04
+2.2960000E+00	-2.7619089E-04	-9.4845100E-04
+2.2970000E+00	-2.7949974E-04	-9.5353457E-04
+2.2980000E+00	-2.8285431E-04	-9.5878153E-04
+2.2990000E+00	-2.8626132E-04	-9.6419678E-04
+2.3000000E+00	-2.8972782E-04	-9.6978511E-04
+2.3010000E+00	-2.9326115E-04	-9.7555118E-04
+2.3020000E+00	-2.9686899E-04	-9.8149949E-04
+2.3030000E+00	-3.0055931E-04	-9.8763443E-04
+2.3040000E+00	-3.0434039E-04	-9.9396022E-04
+2.3050000E+00	-3.0822082E-04	-1.0004809E-03
+2.3060000E+00	-3.1220950E-04	-1.0072005E-03
+2.3070000E+00	-3.1631566E-04	-1.0141226E-03
+2.3080000E+00	-3.2054882E-04	-1.0212509E-03
+2.3090000E+00	-3.2491883E-04	-1.0285888E-03
+2.3100000E+00	-3.2943587E-04	-1.0361393E-03
+2.3110000E+00	-3.3411042E-04	-1.0439057E-03
+2.3120000E+00	-3.3895333E-04	-1.0518907E-03
+2.3130000E+00	-3.4397576E-04	-1.0600969E-03
+2.3140000E+00	-3.4918924E-04	-1.0685268E-03
+2.3150000E+00	-3.5460564E-04	-1.0771826E-03
+2.3160000E+00	-3.6023723E-04	-1.0860662E-03
+2.3170000E+00	-3.6609663E-04	-1.0951795E-03
+2.3180000E+00	-3.7219688E-04	-1.1045240E-03
+2.3190000E+00	-3.7855142E-04	-1.1141009E-03
+2.3200000E+00	-3.8517411E-04	-1.1239112E-03
+2.3210000E+00	-3.9207929E-04	-1.1339558E-03
+2.3220000E+00	-3.9928171E-04	-1.1442350E-03
+2.3230000E+00	-4.0679666E-04	-1.1547490E-03
+2.3240000E+00	-4.1463990E-04	-1.1654976E-03
+2.3250000E+00	-4.2282774E-04	-1.1764802E-03
+2.3260000E+00	-4.3137702E-04	-1.1876960E-03
+2.3270000E+00	-4.4030519E-04	-1.1991436E-03
+2.3280000E+00	-4.4963027E-04	-1.2108212E-03
+2.3290000E+00	-4.5937095E-04	-1.2227266E-03
+2.3300000E+00	-4.6954655E-04	-1.2348571E-03
+2.3310000E+00	-4.8017710E-04	-1.2472092E-03
+2.3320000E+00	-4.9128333E-04	-1.2597792E-03
+2.3330000E+00	-5.0288673E-04	-1.2725624E-03
+2.3340000E+00	-5.1500957E-04	-1.2855534E-03
+2.3350000E+00	-5.2767491E-04	-1.2987463E-03
+2.3360000E+00	-5.4090667E-04	-1.3121341E-03
+2.3370000E+00	-5.5472961E-04	-1.3257088E-03
+2.3380000E+00	-5.6916939E-04	-1.3394616E-03
+2.3390000E+00	-5.8425258E-04	-1.3533824E-03
+2.3400000E+00	-6.0000669E-04	-1.3674600E-03
+2.3410000E+00	-6.1646018E-04	-1.3816818E-03
+2.3420000E+00	-6.3364246E-04	-1.3960337E-03
+2.3430000E+00	-6.5158394E-04	-1.4105000E-03
+2.3440000E+00	-6.7031598E-04	-1.4250635E-03
+2.3450000E+00	-6.8987095E-04	-1.4397049E-03
+2.3460000E+00	-7.1028212E-04	-1.4544028E-03
+2.3470000E+00	-7.3158375E-04	-1.4691336E-03
+2.3480000E+00	-7.5381097E-04	-1.4838715E-03
+2.3490000E+00	-7.7699973E-04	-1.4985877E-03
+2.3500000E+00	-8.0118680E-04	-1.5132508E-03
+2.3510000E+00	-8.2640961E-04	-1.5278262E-03
+2.3520000E+00	-8.5270617E-04	-1.5422760E-03
+2.3530000E+00	-8.8011493E-04	-1.5565587E-03
+2.3540000E+00	-9.0867465E-04	-1.5706288E-03
+2.3550000E+00	-9.3842413E-04	-1.5844368E-03
+2.3560000E+00	-9.6940204E-04	-1.5979286E-03
+2.3570000E+00	-1.0016466E-03	-1.6110455E-03
+2.3580000E+00	-1.0351954E-03	-1.6237235E-03
+2.3590000E+00	-1.0700848E-03	-1.6358934E-03
+2.3600000E+00	-1.1063496E-03	-1.6474801E-03
+2.3610000E+00	-1.1440226E-03	-1.6584027E-03
+2.3620000E+00	-1.1831341E-03	-1.6685740E-03
+2.3630000E+00	-1.2237112E-03	-1.6779000E-03
+2.3640000E+00	-1.2657769E-03	-1.6862801E-03
+2.3650000E+00	-1.3093498E-03	-1.6936067E-03
+2.3660000E+00	-1.3544426E-03	-1.6997651E-03
+2.3670000E+00	-1.4010618E-03	-1.7046333E-03
+2.3680000E+00	-1.4492062E-03	-1.7080824E-03
+2.3690000E+00	-1.4988659E-03	-1.7099762E-03
+2.3700000E+00	-1.5500214E-03	-1.7101719E-03
+2.3710000E+00	-1.6026417E-03	-1.7085204E-03
+2.3720000E+00	-1.6566836E-03	-1.7048666E-03
+2.3730000E+00	-1.7120900E-03	-1.6990506E-03
+2.3740000E+00	-1.7687885E-03	-1.6909085E-03
+2.3750000E+00	-1.8266901E-03	-1.6802736E-03
+2.3760000E+00	-1.8856881E-03	-1.6669778E-03
+2.3770000E+00	-1.9456562E-03	-1.6508536E-03
+2.3780000E+00	-2.0064481E-03	-1.6317362E-03
+2.3790000E+00	-2.0678962E-03	-1.6094655E-03
+2.3800000E+00	-2.1298108E-03	-1.5838891E-03
+2.3810000E+00	-2.1919802E-03	-1.5548651E-03
+2.3820000E+00	-2.2541703E-03	-1.5222652E-03
+2.3830000E+00	-2.3161253E-03	-1.4859781E-03
+2.3840000E+00	-2.3775684E-03	-1.4459129E-03
+2.3850000E+00	-2.4382037E-03	-1.4020027E-03
+2.3860000E+00	-2.4977184E-03	-1.3542081E-03
+2.3870000E+00	-2.5557852E-03	-1.3025204E-03
+2.3880000E+00	-2.6120661E-03	-1.2469647E-03
+2.3890000E+00	-2.6662163E-03	-1.1876024E-03
+2.3900000E+00	-2.7178892E-03	-1.1245333E-03
+2.3910000E+00	-2.7667408E-03	-1.0578973E-03
+2.3920000E+00	-2.8124362E-03	-9.8787411E-04
+2.3930000E+00	-2.8546545E-03	-9.1468380E-04
+2.3940000E+00	-2.8930949E-03	-8.3858496E-04
+2.3950000E+00	-2.9274825E-03	-7.5987260E-04
+2.3960000E+00	-2.9575735E-03	-6.7887479E-04
+2.3970000E+00	-2.9831602E-03	-5.9594851E-04
+2.3980000E+00	-3.0040748E-03	-5.1147455E-04
+2.3990000E+00	-3.0201930E-03	-4.2585184E-04
+2.4000000E+00	-3.0314359E-03	-3.3949122E-04
+2.4010000E+00	-3.0377717E-03	-2.5280891E-04
+2.4020000E+00	-3.0392153E-03	-1.6621986E-04
+2.4030000E+00	-3.0358276E-03	-8.0131331E-05
+2.4040000E+00	-3.0277130E-03	+5.0632824E-06
+2.4050000E+00	-3.0150171E-03	+8.8990066E-05
+2.4060000E+00	-2.9979222E-03	+1.7129951E-04
+2.4070000E+00	-2.9766431E-03	+2.5167064E-04
+2.4080000E+00	-2.9514223E-03	+3.2981428E-04
+2.4090000E+00	-2.9225247E-03	+4.0547536E-04
+2.4100000E+00	-2.8902324E-03	+4.7843437E-04
+2.4110000E+00	-2.8548391E-03	+5.4850790E-04
+2.4120000E+00	-2.8166459E-03	+6.1554841E-04
+2.4130000E+00	-2.7759557E-03	+6.7944325E-04
+2.4140000E+00	-2.7330697E-03	+7.4011314E-04
+2.4150000E+00	-2.6882832E-03	+7.9751008E-04
+2.4160000E+00	-2.6418826E-03	+8.5161500E-04
+2.4170000E+00	-2.5941427E-03	+9.0243502E-04
+2.4180000E+00	-2.5453245E-03	+9.5000070E-04
+2.4190000E+00	-2.4956735E-03	+9.9436307E-04
+2.4200000E+00	-2.4454190E-03	+1.0355908E-03
+2.4210000E+00	-2.3947726E-03	+1.0737676E-03
+2.4220000E+00	-2.3439288E-03	+1.1089890E-03
+2.4230000E+00	-2.2930641E-03	+1.1413606E-03
+2.4240000E+00	-2.2423382E-03	+1.1709954E-03
+2.4250000E+00	-2.1918934E-03	+1.1980116E-03
+2.4260000E+00	-2.1418565E-03	+1.2225311E-03
+2.4270000E+00	-2.0923386E-03	+1.2446777E-03
+2.4280000E+00	-2.0434366E-03	+1.2645758E-03
+2.4290000E+00	-1.9952338E-03	+1.2823489E-03
+2.4300000E+00	-1.9478011E-03	+1.2981191E-03
+2.4310000E+00	-1.9011982E-03	+1.3120056E-03
+2.4320000E+00	-1.8554739E-03	+1.3241248E-03
+2.4330000E+00	-1.8106680E-03	+1.3345893E-03
+2.4340000E+00	-1.7668115E-03	+1.3435073E-03
+2.4350000E+00	-1.7239276E-03	+1.3509828E-03
+2.4360000E+00	-1.6820330E-03	+1.3571154E-03
+2.4370000E+00	-1.6411381E-03	+1.3619995E-03
+2.4380000E+00	-1.6012481E-03	+1.3657251E-03
+2.4390000E+00	-1.5623634E-03	+1.3683773E-03
+2.4400000E+00	-1.5244804E-03	+1.3700364E-03
+2.4410000E+00	-1.4875921E-03	+1.3707783E-03
+2.4420000E+00	-1.4516883E-03	+1.3706742E-03
+2.4430000E+00	-1.4167563E-03	+1.3697910E-03
+2.4440000E+00	-1.3827813E-03	+1.3681915E-03
+2.4450000E+00	-1.3497468E-03	+1.3659343E-03
+2.4460000E+00	-1.3176346E-03	+1.3630744E-03
+2.4470000E+00	-1.2864255E-03	+1.3596630E-03
+2.4480000E+00	-1.2560994E-03	+1.3557478E-03
+2.4490000E+00	-1.2266352E-03	+1.3513733E-03
+2.4500000E+00	-1.1980117E-03	+1.3465809E-03
+2.4510000E+00	-1.1702070E-03	+1.3414091E-03
+2.4520000E+00	-1.1431993E-03	+1.3358937E-03
+2.4530000E+00	-1.1169666E-03	+1.3300677E-03
+2.4540000E+00	-1.0914869E-03	+1.3239620E-03
+2.4550000E+00	-1.0667384E-03	+1.3176050E-03
+2.4560000E+00	-1.0426994E-03	+1.3110232E-03
+2.4570000E+00	-1.0193487E-03	+1.3042410E-03
+2.4580000E+00	-9.9666531E-04	+1.2972809E-03
+2.4590000E+00	-9.7462852E-04	+1.2901639E-03
+2.4600000E+00	-9.5321818E-04	+1.2829092E-03
+2.4610000E+00	-9.3241455E-04	+1.2755347E-03
+2.4620000E+00	-9.1219834E-04	+1.2680567E-03
+2.4630000E+00	-8.9255077E-04	+1.2604905E-03
+2.4640000E+00	-8.7345355E-04	+1.2528498E-03
+2.4650000E+00	-8.5488888E-04	+1.2451477E-03
+2.4660000E+00	-8.3683949E-04	+1.2373959E-03
+2.4670000E+00	-8.1928862E-04	+1.2296053E-03
+2.4680000E+00	-8.0222001E-04	+1.2217858E-03
+2.4690000E+00	-7.8561791E-04	+1.2139466E-03
+2.4700000E+00	-7.6946709E-04	+1.2060962E-03
+2.4710000E+00	-7.5375279E-04	+1.1982422E-03
+2.4720000E+00	-7.3846074E-04	+1.1903916E-03
+2.4730000E+00	-7.2357715E-04	+1.1825510E-03
+2.4740000E+00	-7.0908870E-04	+1.1747262E-03
+2.4750000E+00	-6.9498251E-04	+1.1669226E-03
+2.4760000E+00	-6.8124616E-04	+1.1591450E-03
+2.4770000E+00	-6.6786764E-04	+1.1513980E-03
+2.4780000E+00	-6.5483538E-04	+1.1436855E-03
+2.4790000E+00	-6.4213820E-04	+1.1360112E-03
+2.4800000E+00	-6.2976532E-04	+1.1283785E-03
+2.4810000E+00	-6.1770634E-04	+1.1207903E-03
+2.4820000E+00	-6.0595124E-04	+1.1132492E-03
+2.4830000E+00	-5.9449033E-04	+1.1057578E-03
+2.4840000E+00	-5.8331428E-04	+1.0983182E-03
+2.4850000E+00	-5.7241411E-04	+1.0909323E-03
+2.4860000E+00	-5.6178113E-04	+1.0836017E-03
+2.4870000E+00	-5.5140698E-04	+1.0763281E-03
+2.4880000E+00	-5.4128359E-04	+1.0691126E-03
+2.4890000E+00	-5.3140318E-04	+1.0619566E-03
+2.4900000E+00	-5.2175825E-04	+1.0548608E-03
+2.4910000E+00	-5.1234156E-04	+1.0478263E-03
+2.4920000E+00	-5.0314613E-04	+1.0408537E-03
+2.4930000E+00	-4.9416525E-04	+1.0339436E-03
+2.4940000E+00	-4.8539240E-04	+1.0270964E-03
+2.4950000E+00	-4.7682133E-04	+1.0203126E-03
+2.4960000E+00	-4.6844601E-04	+1.0135924E-03
+2.4970000E+00	-4.6026059E-04	+1.0069360E-03
+2.4980000E+00	-4.5225945E-04	+1.0003435E-03
+2.4990000E+00	-4.4443718E-04	+9.9381501E-04
+2.5000000E+00	-4.3678851E-04	+9.8735039E-04
+2.5010000E+00	-4.2930841E-04	+9.8094959E-04
+2.5020000E+00	-4.2199198E-04	+9.7461245E-04
+2.5030000E+00	-4.1483452E-04	+9.6833878E-04
+2.5040000E+00	-4.0783146E-04	+9.6212833E-04
+2.5050000E+00	-4.0097842E-04	+9.5598079E-04
+2.5060000E+00	-3.9427115E-04	+9.4989585E-04
+2.5070000E+00	-3.8770554E-04	+9.4387314E-04
+2.5080000E+00	-3.8127764E-04	+9.3791225E-04
+2.5090000E+00	-3.7498360E-04	+9.3201277E-04
+2.5100000E+00	-3.6881973E-04	+9.2617424E-04
+2.5110000E+00	-3.6278245E-04	+9.2039619E-04
+2.5120000E+00	-3.5686830E-04	+9.1467812E-04
+2.5130000E+00	-3.5107394E-04	+9.0901952E-04
+2.5140000E+00	-3.4539612E-04	+9.0341986E-04
+2.5150000E+00	-3.3983173E-04	+8.9787860E-04
+2.5160000E+00	-3.3437773E-04	+8.9239517E-04
+2.5170000E+00	-3.2903119E-04	+8.8696903E-04
+2.5180000E+00	-3.2378928E-04	+8.8159958E-04
+2.5190000E+00	-3.1864926E-04	+8.7628624E-04
+2.5200000E+00	-3.1360847E-04	+8.7102843E-04
+2.5210000E+00	-3.0866435E-04	+8.6582555E-04
+2.5220000E+00	-3.0381439E-04	+8.6067700E-04
+2.5230000E+00	-2.9905619E-04	+8.5558217E-04
+2.5240000E+00	-2.9438742E-04	+8.5054047E-04
+2.5250000E+00	-2.8980581E-04	+8.4555128E-04
+2.5260000E+00	-2.8530916E-04	+8.4061399E-04
+2.5270000E+00	-2.8089537E-04	+8.3572801E-04
+2.5280000E+00	-2.7656236E-04	+8.3089272E-04
+2.5290000E+00	-2.7230814E-04	+8.2610751E-04
+2.5300000E+00	-2.6813077E-04	+8.2137179E-04
+2.5310000E+00	-2.6402839E-04	+8.1668496E-04
+2.5320000E+00	-2.5999916E-04	+8.1204641E-04
+2.5330000E+00	-2.5604132E-04	+8.0745555E-04
+2.5340000E+00	-2.5215316E-04	+8.0291178E-04
+2.5350000E+00	-2.4833301E-04	+7.9841454E-04
+2.5360000E+00	-2.4457927E-04	+7.9396322E-04
+2.5370000E+00	-2.4089037E-04	+7.8955725E-04
+2.5380000E+00	-2.3726478E-04	+7.8519606E-04
+2.5390000E+00	-2.3370104E-04	+7.8087908E-04
+2.5400000E+00	-2.3019770E-04	+7.7660574E-04
+2.5410000E+00	-2.2675338E-04	+7.7237550E-04
+2.5420000E+00	-2.2336673E-04	+7.6818779E-04
+2.5430000E+00	-2.2003642E-04	+7.6404207E-04
+2.5440000E+00	-2.1676119E-04	+7.5993779E-04
+2.5450000E+00	-2.1353979E-04	+7.5587444E-04
+2.5460000E+00	-2.1037102E-04	+7.5185147E-04
+2.5470000E+00	-2.0725371E-04	+7.4786836E-04
+2.5480000E+00	-2.0418671E-04	+7.4392460E-04
+2.5490000E+00	-2.0116892E-04	+7.4001967E-04
+2.5500000E+00	-1.9819926E-04	+7.3615308E-04
+2.5510000E+00	-1.9527668E-04	+7.3232432E-04
+2.5520000E+00	-1.9240017E-04	+7.2853291E-04
+2.5530000E+00	-1.8956873E-04	+7.2477835E-04
+2.5540000E+00	-1.8678139E-04	+7.2106017E-04
+2.5550000E+00	-1.8403723E-04	+7.1737790E-04
+2.5560000E+00	-1.8133531E-04	+7.1373107E-04
+2.5570000E+00	-1.7867475E-04	+7.1011922E-04
+2.5580000E+00	-1.7605469E-04	+7.0654190E-04
+2.5590000E+00	-1.7347428E-04	+7.0299865E-04
+2.5600000E+00	-1.7093270E-04	+6.9948904E-04
+2.5610000E+00	-1.6842915E-04	+6.9601263E-04
+2.5620000E+00	-1.6596285E-04	+6.9256900E-04
+2.5630000E+00	-1.6353304E-04	+6.8915771E-04
+2.5640000E+00	-1.6113898E-04	+6.8577835E-04
+2.5650000E+00	-1.5877994E-04	+6.8243051E-04
+2.5660000E+00	-1.5645523E-04	+6.7911379E-04
+2.5670000E+00	-1.5416416E-04	+6.7582778E-04
+2.5680000E+00	-1.5190606E-04	+6.7257209E-04
+2.5690000E+00	-1.4968028E-04	+6.6934633E-04
+2.5700000E+00	-1.4748619E-04	+6.6615012E-04
+2.5710000E+00	-1.4532316E-04	+6.6298308E-04
+2.5720000E+00	-1.4319059E-04	+6.5984484E-04
+2.5730000E+00	-1.4108789E-04	+6.5673503E-04
+2.5740000E+00	-1.3901449E-04	+6.5365330E-04
+2.5750000E+00	-1.3696982E-04	+6.5059928E-04
+2.5760000E+00	-1.3495334E-04	+6.4757262E-04
+2.5770000E+00	-1.3296452E-04	+6.4457299E-04
+2.5780000E+00	-1.3100282E-04	+6.4160004E-04
+2.5790000E+00	-1.2906775E-04	+6.3865344E-04
+2.5800000E+00	-1.2715880E-04	+6.3573285E-04
+2.5810000E+00	-1.2527549E-04	+6.3283795E-04
+2.5820000E+00	-1.2341735E-04	+6.2996842E-04
+2.5830000E+00	-1.2158391E-04	+6.2712394E-04
+2.5840000E+00	-1.1977472E-04	+6.2430421E-04
+2.5850000E+00	-1.1798934E-04	+6.2150891E-04
+2.5860000E+00	-1.1622733E-04	+6.1873774E-04
+2.5870000E+00	-1.1448829E-04	+6.1599041E-04
+2.5880000E+00	-1.1277178E-04	+6.1326663E-04
+2.5890000E+00	-1.1107742E-04	+6.1056610E-04
+2.5900000E+00	-1.0940480E-04	+6.0788854E-04
+2.5910000E+00	-1.0775355E-04	+6.0523367E-04
+2.5920000E+00	-1.0612328E-04	+6.0260122E-04
+2.5930000E+00	-1.0451364E-04	+5.9999091E-04
+2.5940000E+00	-1.0292425E-04	+5.9740247E-04
+2.5950000E+00	-1.0135477E-04	+5.9483564E-04
+2.5960000E+00	-9.9804853E-05	+5.9229017E-04
+2.5970000E+00	-9.8274166E-05	+5.8976578E-04
+2.5980000E+00	-9.6762377E-05	+5.8726224E-04
+2.5990000E+00	-9.5269165E-05	+5.8477929E-04
+2.6000000E+00	-9.3794216E-05	+5.8231669E-04
+2.6010000E+00	-9.2337221E-05	+5.7987420E-04
+2.6020000E+00	-9.0897878E-05	+5.7745157E-04
+2.6030000E+00	-8.9475893E-05	+5.7504858E-04
+2.6040000E+00	-8.8070978E-05	+5.7266499E-04
+2.6050000E+00	-8.6682848E-05	+5.7030057E-04
+2.6060000E+00	-8.5311228E-05	+5.6795511E-04
+2.6070000E+00	-8.3955846E-05	+5.6562837E-04
+2.6080000E+00	-8.2616438E-05	+5.6332015E-04
+2.6090000E+00	-8.1292743E-05	+5.6103022E-04
+2.6100000E+00	-7.9984508E-05	+5.5875838E-04
+2.6110000E+00	-7.8691483E-05	+5.5650441E-04
+2.6120000E+00	-7.7413423E-05	+5.5426812E-04
+2.6130000E+00	-7.6150091E-05	+5.5204930E-04
+2.6140000E+00	-7.4901251E-05	+5.4984774E-04
+2.6150000E+00	-7.3666675E-05	+5.4766326E-04
+2.6160000E+00	-7.2446137E-05	+5.4549565E-04
+2.6170000E+00	-7.1239418E-05	+5.4334473E-04
+2.6180000E+00	-7.0046301E-05	+5.4121032E-04
+2.6190000E+00	-6.8866574E-05	+5.3909221E-04
+2.6200000E+00	-6.7700031E-05	+5.3699023E-04
+2.6210000E+00	-6.6546468E-05	+5.3490421E-04
+2.6220000E+00	-6.5405686E-05	+5.3283395E-04
+2.6230000E+00	-6.4277489E-05	+5.3077929E-04
+2.6240000E+00	-6.3161686E-05	+5.2874005E-04
+2.6250000E+00	-6.2058089E-05	+5.2671607E-04
+2.6260000E+00	-6.0966513E-05	+5.2470717E-04
+2.6270000E+00	-5.9886779E-05	+5.2271319E-04
+2.6280000E+00	-5.8818708E-05	+5.2073396E-04
+2.6290000E+00	-5.7762127E-05	+5.1876933E-04
+2.6300000E+00	-5.6716866E-05	+5.1681913E-04
+2.6310000E+00	-5.5682756E-05	+5.1488321E-04
+2.6320000E+00	-5.4659635E-05	+5.1296141E-04
+2.6330000E+00	-5.3647340E-05	+5.1105359E-04
+2.6340000E+00	-5.2645715E-05	+5.0915958E-04
+2.6350000E+00	-5.1654603E-05	+5.0727925E-04
+2.6360000E+00	-5.0673853E-05	+5.0541244E-04
+2.6370000E+00	-4.9703315E-05	+5.0355902E-04
+2.6380000E+00	-4.8742842E-05	+5.0171883E-04
+2.6390000E+00	-4.7792292E-05	+4.9989175E-04
+2.6400000E+00	-4.6851521E-05	+4.9807762E-04
+2.6410000E+00	-4.5920393E-05	+4.9627632E-04
+2.6420000E+00	-4.4998769E-05	+4.9448771E-04
+2.6430000E+00	-4.4086518E-05	+4.9271166E-04
+2.6440000E+00	-4.3183506E-05	+4.9094803E-04
+2.6450000E+00	-4.2289607E-05	+4.8919670E-04
+2.6460000E+00	-4.1404691E-05	+4.8745754E-04
+2.6470000E+00	-4.0528636E-05	+4.8573042E-04
+2.6480000E+00	-3.9661319E-05	+4.8401521E-04
+2.6490000E+00	-3.8802620E-05	+4.8231181E-04
+2.6500000E+00	-3.7952421E-05	+4.8062008E-04
+2.6510000E+00	-3.7110606E-05	+4.7893990E-04
+2.6520000E+00	-3.6277061E-05	+4.7727117E-04
+2.6530000E+00	-3.5451675E-05	+4.7561375E-04
+2.6540000E+00	-3.4634337E-05	+4.7396755E-04
+2.6550000E+00	-3.3824940E-05	+4.7233243E-04
+2.6560000E+00	-3.3023377E-05	+4.7070830E-04
+2.6570000E+00	-3.2229544E-05	+4.6909504E-04
+2.6580000E+00	-3.1443338E-05	+4.6749255E-04
+2.6590000E+00	-3.0664658E-05	+4.6590071E-04
+2.6600000E+00	-2.9893406E-05	+4.6431942E-04
+2.6610000E+00	-2.9129484E-05	+4.6274857E-04
+2.6620000E+00	-2.8372796E-05	+4.6118807E-04
+2.6630000E+00	-2.7623248E-05	+4.5963781E-04
+2.6640000E+00	-2.6880748E-05	+4.5809768E-04
+2.6650000E+00	-2.6145203E-05	+4.5656760E-04
+2.6660000E+00	-2.5416526E-05	+4.5504745E-04
+2.6670000E+00	-2.4694626E-05	+4.5353715E-04
+2.6680000E+00	-2.3979419E-05	+4.5203660E-04
+2.6690000E+00	-2.3270819E-05	+4.5054571E-04
+2.6700000E+00	-2.2568741E-05	+4.4906438E-04
+2.6710000E+00	-2.1873104E-05	+4.4759251E-04
+2.6720000E+00	-2.1183826E-05	+4.4613002E-04
+2.6730000E+00	-2.0500827E-05	+4.4467683E-04
+2.6740000E+00	-1.9824030E-05	+4.4323283E-04
+2.6750000E+00	-1.9153356E-05	+4.4179794E-04
+2.6760000E+00	-1.8488730E-05	+4.4037208E-04
+2.6770000E+00	-1.7830077E-05	+4.3895516E-04
+2.6780000E+00	-1.7177324E-05	+4.3754710E-04
+2.6790000E+00	-1.6530397E-05	+4.3614781E-04
+2.6800000E+00	-1.5889225E-05	+4.3475721E-04
+2.6810000E+00	-1.5253739E-05	+4.3337521E-04
+2.6820000E+00	-1.4623869E-05	+4.3200175E-04
+2.6830000E+00	-1.3999548E-05	+4.3063674E-04
+2.6840000E+00	-1.3380708E-05	+4.2928009E-04
+2.6850000E+00	-1.2767283E-05	+4.2793174E-04
+2.6860000E+00	-1.2159208E-05	+4.2659161E-04
+2.6870000E+00	-1.1556421E-05	+4.2525962E-04
+2.6880000E+00	-1.0958857E-05	+4.2393570E-04
+2.6890000E+00	-1.0366454E-05	+4.2261976E-04
+2.6900000E+00	-9.7791529E-06	+4.2131175E-04
+2.6910000E+00	-9.1968921E-06	+4.2001159E-04
+2.6920000E+00	-8.6196129E-06	+4.1871921E-04
+2.6930000E+00	-8.0472570E-06	+4.1743453E-04
+2.6940000E+00	-7.4797669E-06	+4.1615749E-04
+2.6950000E+00	-6.9170862E-06	+4.1488801E-04
+2.6960000E+00	-6.3591592E-06	+4.1362604E-04
+2.6970000E+00	-5.8059310E-06	+4.1237150E-04
+2.6980000E+00	-5.2573476E-06	+4.1112433E-04
+2.6990000E+00	-4.7133558E-06	+4.0988447E-04
+2.7000000E+00	-4.1739031E-06	+4.0865184E-04
+2.7010000E+00	-3.6389378E-06	+4.0742638E-04
+2.7020000E+00	-3.1084090E-06	+4.0620803E-04
+2.7030000E+00	-2.5822666E-06	+4.0499673E-04
+2.7040000E+00	-2.0604611E-06	+4.0379242E-04
+2.7050000E+00	-1.5429437E-06	+4.0259503E-04
+2.7060000E+00	-1.0296665E-06	+4.0140450E-04
+2.7070000E+00	-5.2058216E-07	+4.0022078E-04
+2.7080000E+00	-1.5643968E-08	+3.9904381E-04
+2.7090000E+00	+4.8519402E-07	+3.9787352E-04
+2.7100000E+00	+9.8197712E-07	+3.9670987E-04
+2.7110000E+00	+1.4747500E-06	+3.9555278E-04
+2.7120000E+00	+1.9635567E-06	+3.9440221E-04
+2.7130000E+00	+2.4484407E-06	+3.9325811E-04
+2.7140000E+00	+2.9294447E-06	+3.9212041E-04
+2.7150000E+00	+3.4066109E-06	+3.9098906E-04
+2.7160000E+00	+3.8799810E-06	+3.8986400E-04
+2.7170000E+00	+4.3495959E-06	+3.8874520E-04
+2.7180000E+00	+4.8154962E-06	+3.8763258E-04
+2.7190000E+00	+5.2777217E-06	+3.8652610E-04
+2.7200000E+00	+5.7363117E-06	+3.8542571E-04
+2.7210000E+00	+6.1913051E-06	+3.8433136E-04
+2.7220000E+00	+6.6427400E-06	+3.8324299E-04
+2.7230000E+00	+7.0906544E-06	+3.8216056E-04
+2.7240000E+00	+7.5350852E-06	+3.8108402E-04
+2.7250000E+00	+7.9760694E-06	+3.8001331E-04
+2.7260000E+00	+8.4136430E-06	+3.7894840E-04
+2.7270000E+00	+8.8478418E-06	+3.7788922E-04
+2.7280000E+00	+9.2787010E-06	+3.7683575E-04
+2.7290000E+00	+9.7062554E-06	+3.7578792E-04
+2.7300000E+00	+1.0130539E-05	+3.7474570E-04
+2.7310000E+00	+1.0551587E-05	+3.7370903E-04
+2.7320000E+00	+1.0969430E-05	+3.7267787E-04
+2.7330000E+00	+1.1384104E-05	+3.7165219E-04
+2.7340000E+00	+1.1795640E-05	+3.7063192E-04
+2.7350000E+00	+1.2204070E-05	+3.6961703E-04
+2.7360000E+00	+1.2609425E-05	+3.6860748E-04
+2.7370000E+00	+1.3011738E-05	+3.6760323E-04
+2.7380000E+00	+1.3411039E-05	+3.6660422E-04
+2.7390000E+00	+1.3807358E-05	+3.6561042E-04
+2.7400000E+00	+1.4200725E-05	+3.6462179E-04
+2.7410000E+00	+1.4591171E-05	+3.6363829E-04
+2.7420000E+00	+1.4978723E-05	+3.6265987E-04
+2.7430000E+00	+1.5363412E-05	+3.6168650E-04
+2.7440000E+00	+1.5745265E-05	+3.6071814E-04
+2.7450000E+00	+1.6124311E-05	+3.5975474E-04
+2.7460000E+00	+1.6500577E-05	+3.5879627E-04
+2.7470000E+00	+1.6874091E-05	+3.5784268E-04
+2.7480000E+00	+1.7244880E-05	+3.5689395E-04
+2.7490000E+00	+1.7612971E-05	+3.5595004E-04
+2.7500000E+00	+1.7978389E-05	+3.5501089E-04
+2.7510000E+00	+1.8341162E-05	+3.5407649E-04
+2.7520000E+00	+1.8701314E-05	+3.5314679E-04
+2.7530000E+00	+1.9058872E-05	+3.5222176E-04
+2.7540000E+00	+1.9413860E-05	+3.5130135E-04
+2.7550000E+00	+1.9766303E-05	+3.5038554E-04
+2.7560000E+00	+2.0116225E-05	+3.4947429E-04
+2.7570000E+00	+2.0463651E-05	+3.4856757E-04
+2.7580000E+00	+2.0808604E-05	+3.4766534E-04
+2.7590000E+00	+2.1151109E-05	+3.4676756E-04
+2.7600000E+00	+2.1491187E-05	+3.4587420E-04
+2.7610000E+00	+2.1828863E-05	+3.4498524E-04
+2.7620000E+00	+2.2164159E-05	+3.4410063E-04
+2.7630000E+00	+2.2497097E-05	+3.4322035E-04
+2.7640000E+00	+2.2827699E-05	+3.4234435E-04
+2.7650000E+00	+2.3155988E-05	+3.4147262E-04
+2.7660000E+00	+2.3481985E-05	+3.4060511E-04
+2.7670000E+00	+2.3805711E-05	+3.3974180E-04
+2.7680000E+00	+2.4127188E-05	+3.3888266E-04
+2.7690000E+00	+2.4446435E-05	+3.3802765E-04
+2.7700000E+00	+2.4763475E-05	+3.3717674E-04
+2.7710000E+00	+2.5078327E-05	+3.3632990E-04
+2.7720000E+00	+2.5391011E-05	+3.3548711E-04
+2.7730000E+00	+2.5701547E-05	+3.3464833E-04
+2.7740000E+00	+2.6009955E-05	+3.3381354E-04
+2.7750000E+00	+2.6316254E-05	+3.3298270E-04
+2.7760000E+00	+2.6620463E-05	+3.3215579E-04
+2.7770000E+00	+2.6922602E-05	+3.3133278E-04
+2.7780000E+00	+2.7222688E-05	+3.3051364E-04
+2.7790000E+00	+2.7520741E-05	+3.2969833E-04
+2.7800000E+00	+2.7816779E-05	+3.2888685E-04
+2.7810000E+00	+2.8110819E-05	+3.2807915E-04
+2.7820000E+00	+2.8402881E-05	+3.2727521E-04
+2.7830000E+00	+2.8692980E-05	+3.2647500E-04
+2.7840000E+00	+2.8981135E-05	+3.2567850E-04
+2.7850000E+00	+2.9267363E-05	+3.2488568E-04
+2.7860000E+00	+2.9551681E-05	+3.2409651E-04
+2.7870000E+00	+2.9834106E-05	+3.2331097E-04
+2.7880000E+00	+3.0114655E-05	+3.2252903E-04
+2.7890000E+00	+3.0393343E-05	+3.2175067E-04
+2.7900000E+00	+3.0670188E-05	+3.2097585E-04
+2.7910000E+00	+3.0945205E-05	+3.2020457E-04
+2.7920000E+00	+3.1218410E-05	+3.1943679E-04
+2.7930000E+00	+3.1489820E-05	+3.1867248E-04
+2.7940000E+00	+3.1759449E-05	+3.1791163E-04
+2.7950000E+00	+3.2027313E-05	+3.1715421E-04
+2.7960000E+00	+3.2293427E-05	+3.1640019E-04
+2.7970000E+00	+3.2557806E-05	+3.1564955E-04
+2.7980000E+00	+3.2820465E-05	+3.1490228E-04
+2.7990000E+00	+3.3081419E-05	+3.1415833E-04
+2.8000000E+00	+3.3340683E-05	+3.1341770E-04
+2.8010000E+00	+3.3598270E-05	+3.1268036E-04
+2.8020000E+00	+3.3854195E-05	+3.1194629E-04
+2.8030000E+00	+3.4108471E-05	+3.1121546E-04
+2.8040000E+00	+3.4361114E-05	+3.1048785E-04
+2.8050000E+00	+3.4612137E-05	+3.0976345E-04
+2.8060000E+00	+3.4861552E-05	+3.0904222E-04
+2.8070000E+00	+3.5109375E-05	+3.0832415E-04
+2.8080000E+00	+3.5355617E-05	+3.0760922E-04
+2.8090000E+00	+3.5600293E-05	+3.0689740E-04
+2.8100000E+00	+3.5843415E-05	+3.0618867E-04
+2.8110000E+00	+3.6084996E-05	+3.0548302E-04
+2.8120000E+00	+3.6325049E-05	+3.0478042E-04
+2.8130000E+00	+3.6563586E-05	+3.0408086E-04
+2.8140000E+00	+3.6800620E-05	+3.0338430E-04
+2.8150000E+00	+3.7036164E-05	+3.0269074E-04
+2.8160000E+00	+3.7270229E-05	+3.0200015E-04
+2.8170000E+00	+3.7502828E-05	+3.0131251E-04
+2.8180000E+00	+3.7733972E-05	+3.0062781E-04
+2.8190000E+00	+3.7963673E-05	+2.9994602E-04
+2.8200000E+00	+3.8191944E-05	+2.9926713E-04
+2.8210000E+00	+3.8418795E-05	+2.9859111E-04
+2.8220000E+00	+3.8644238E-05	+2.9791794E-04
+2.8230000E+00	+3.8868285E-05	+2.9724762E-04
+2.8240000E+00	+3.9090946E-05	+2.9658011E-04
+2.8250000E+00	+3.9312233E-05	+2.9591541E-04
+2.8260000E+00	+3.9532157E-05	+2.9525349E-04
+2.8270000E+00	+3.9750729E-05	+2.9459433E-04
+2.8280000E+00	+3.9967958E-05	+2.9393792E-04
+2.8290000E+00	+4.0183857E-05	+2.9328425E-04
+2.8300000E+00	+4.0398436E-05	+2.9263328E-04
+2.8310000E+00	+4.0611704E-05	+2.9198501E-04
+2.8320000E+00	+4.0823672E-05	+2.9133941E-04
+2.8330000E+00	+4.1034351E-05	+2.9069648E-04
+2.8340000E+00	+4.1243751E-05	+2.9005619E-04
+2.8350000E+00	+4.1451881E-05	+2.8941852E-04
+2.8360000E+00	+4.1658752E-05	+2.8878347E-04
+2.8370000E+00	+4.1864373E-05	+2.8815101E-04
+2.8380000E+00	+4.2068755E-05	+2.8752112E-04
+2.8390000E+00	+4.2271906E-05	+2.8689380E-04
+2.8400000E+00	+4.2473836E-05	+2.8626902E-04
+2.8410000E+00	+4.2674554E-05	+2.8564677E-04
+2.8420000E+00	+4.2874071E-05	+2.8502703E-04
+2.8430000E+00	+4.3072395E-05	+2.8440979E-04
+2.8440000E+00	+4.3269534E-05	+2.8379503E-04
+2.8450000E+00	+4.3465500E-05	+2.8318274E-04
+2.8460000E+00	+4.3660299E-05	+2.8257289E-04
+2.8470000E+00	+4.3853942E-05	+2.8196549E-04
+2.8480000E+00	+4.4046437E-05	+2.8136050E-04
+2.8490000E+00	+4.4237792E-05	+2.8075792E-04
+2.8500000E+00	+4.4428016E-05	+2.8015773E-04
+2.8510000E+00	+4.4617118E-05	+2.7955991E-04
+2.8520000E+00	+4.4805107E-05	+2.7896446E-04
+2.8530000E+00	+4.4991990E-05	+2.7837135E-04
+2.8540000E+00	+4.5177775E-05	+2.7778057E-04
+2.8550000E+00	+4.5362472E-05	+2.7719212E-04
+2.8560000E+00	+4.5546088E-05	+2.7660597E-04
+2.8570000E+00	+4.5728631E-05	+2.7602210E-04
+2.8580000E+00	+4.5910109E-05	+2.7544052E-04
+2.8590000E+00	+4.6090530E-05	+2.7486120E-04
+2.8600000E+00	+4.6269902E-05	+2.7428412E-04
+2.8610000E+00	+4.6448233E-05	+2.7370928E-04
+2.8620000E+00	+4.6625529E-05	+2.7313667E-04
+2.8630000E+00	+4.6801800E-05	+2.7256626E-04
+2.8640000E+00	+4.6977051E-05	+2.7199804E-04
+2.8650000E+00	+4.7151292E-05	+2.7143201E-04
+2.8660000E+00	+4.7324528E-05	+2.7086815E-04
+2.8670000E+00	+4.7496768E-05	+2.7030645E-04
+2.8680000E+00	+4.7668019E-05	+2.6974689E-04
+2.8690000E+00	+4.7838287E-05	+2.6918945E-04
+2.8700000E+00	+4.8007580E-05	+2.6863414E-04
+2.8710000E+00	+4.8175906E-05	+2.6808093E-04
+2.8720000E+00	+4.8343270E-05	+2.6752982E-04
+2.8730000E+00	+4.8509679E-05	+2.6698079E-04
+2.8740000E+00	+4.8675142E-05	+2.6643382E-04
+2.8750000E+00	+4.8839664E-05	+2.6588892E-04
+2.8760000E+00	+4.9003251E-05	+2.6534606E-04
+2.8770000E+00	+4.9165912E-05	+2.6480523E-04
+2.8780000E+00	+4.9327652E-05	+2.6426642E-04
+2.8790000E+00	+4.9488477E-05	+2.6372962E-04
+2.8800000E+00	+4.9648395E-05	+2.6319482E-04
+2.8810000E+00	+4.9807412E-05	+2.6266200E-04
+2.8820000E+00	+4.9965534E-05	+2.6213116E-04
+2.8830000E+00	+5.0122767E-05	+2.6160228E-04
+2.8840000E+00	+5.0279117E-05	+2.6107535E-04
+2.8850000E+00	+5.0434591E-05	+2.6055037E-04
+2.8860000E+00	+5.0589195E-05	+2.6002731E-04
+2.8870000E+00	+5.0742935E-05	+2.5950617E-04
+2.8880000E+00	+5.0895817E-05	+2.5898694E-04
+2.8890000E+00	+5.1047847E-05	+2.5846961E-04
+2.8900000E+00	+5.1199030E-05	+2.5795416E-04
+2.8910000E+00	+5.1349373E-05	+2.5744059E-04
+2.8920000E+00	+5.1498882E-05	+2.5692888E-04
+2.8930000E+00	+5.1647561E-05	+2.5641903E-04
+2.8940000E+00	+5.1795417E-05	+2.5591102E-04
+2.8950000E+00	+5.1942456E-05	+2.5540484E-04
+2.8960000E+00	+5.2088682E-05	+2.5490049E-04
+2.8970000E+00	+5.2234103E-05	+2.5439795E-04
+2.8980000E+00	+5.2378722E-05	+2.5389721E-04
+2.8990000E+00	+5.2522546E-05	+2.5339826E-04
+2.9000000E+00	+5.2665579E-05	+2.5290110E-04
+2.9010000E+00	+5.2807828E-05	+2.5240571E-04
+2.9020000E+00	+5.2949297E-05	+2.5191208E-04
+2.9030000E+00	+5.3089992E-05	+2.5142021E-04
+2.9040000E+00	+5.3229918E-05	+2.5093007E-04
+2.9050000E+00	+5.3369081E-05	+2.5044168E-04
+2.9060000E+00	+5.3507484E-05	+2.4995500E-04
+2.9070000E+00	+5.3645134E-05	+2.4947004E-04
+2.9080000E+00	+5.3782035E-05	+2.4898679E-04
+2.9090000E+00	+5.3918192E-05	+2.4850523E-04
+2.9100000E+00	+5.4053610E-05	+2.4802536E-04
+2.9110000E+00	+5.4188295E-05	+2.4754717E-04
+2.9120000E+00	+5.4322251E-05	+2.4707064E-04
+2.9130000E+00	+5.4455482E-05	+2.4659578E-04
+2.9140000E+00	+5.4587994E-05	+2.4612256E-04
+2.9150000E+00	+5.4719792E-05	+2.4565099E-04
+2.9160000E+00	+5.4850879E-05	+2.4518104E-04
+2.9170000E+00	+5.4981261E-05	+2.4471272E-04
+2.9180000E+00	+5.5110942E-05	+2.4424602E-04
+2.9190000E+00	+5.5239927E-05	+2.4378092E-04
+2.9200000E+00	+5.5368220E-05	+2.4331742E-04
+2.9210000E+00	+5.5495826E-05	+2.4285551E-04
+2.9220000E+00	+5.5622750E-05	+2.4239518E-04
+2.9230000E+00	+5.5748995E-05	+2.4193642E-04
+2.9240000E+00	+5.5874566E-05	+2.4147923E-04
+2.9250000E+00	+5.5999468E-05	+2.4102359E-04
+2.9260000E+00	+5.6123704E-05	+2.4056950E-04
+2.9270000E+00	+5.6247280E-05	+2.4011694E-04
+2.9280000E+00	+5.6370198E-05	+2.3966592E-04
+2.9290000E+00	+5.6492464E-05	+2.3921642E-04
+2.9300000E+00	+5.6614082E-05	+2.3876843E-04
+2.9310000E+00	+5.6735055E-05	+2.3832196E-04
+2.9320000E+00	+5.6855388E-05	+2.3787698E-04
+2.9330000E+00	+5.6975085E-05	+2.3743349E-04
+2.9340000E+00	+5.7094150E-05	+2.3699148E-04
+2.9350000E+00	+5.7212587E-05	+2.3655095E-04
+2.9360000E+00	+5.7330400E-05	+2.3611189E-04
+2.9370000E+00	+5.7447593E-05	+2.3567429E-04
+2.9380000E+00	+5.7564169E-05	+2.3523814E-04
+2.9390000E+00	+5.7680133E-05	+2.3480343E-04
+2.9400000E+00	+5.7795488E-05	+2.3437017E-04
+2.9410000E+00	+5.7910238E-05	+2.3393833E-04
+2.9420000E+00	+5.8024388E-05	+2.3350792E-04
+2.9430000E+00	+5.8137940E-05	+2.3307892E-04
+2.9440000E+00	+5.8250898E-05	+2.3265133E-04
+2.9450000E+00	+5.8363267E-05	+2.3222514E-04
+2.9460000E+00	+5.8475049E-05	+2.3180034E-04
+2.9470000E+00	+5.8586249E-05	+2.3137693E-04
+2.9480000E+00	+5.8696869E-05	+2.3095490E-04
+2.9490000E+00	+5.8806915E-05	+2.3053424E-04
+2.9500000E+00	+5.8916388E-05	+2.3011495E-04
+2.9510000E+00	+5.9025293E-05	+2.2969702E-04
+2.9520000E+00	+5.9133632E-05	+2.2928044E-04
+2.9530000E+00	+5.9241411E-05	+2.2886520E-04
+2.9540000E+00	+5.9348631E-05	+2.2845130E-04
+2.9550000E+00	+5.9455297E-05	+2.2803874E-04
+2.9560000E+00	+5.9561411E-05	+2.2762750E-04
+2.9570000E+00	+5.9666977E-05	+2.2721757E-04
+2.9580000E+00	+5.9771999E-05	+2.2680896E-04
+2.9590000E+00	+5.9876479E-05	+2.2640165E-04
+2.9600000E+00	+5.9980421E-05	+2.2599564E-04
+2.9610000E+00	+6.0083828E-05	+2.2559093E-04
+2.9620000E+00	+6.0186704E-05	+2.2518750E-04
+2.9630000E+00	+6.0289051E-05	+2.2478534E-04
+2.9640000E+00	+6.0390873E-05	+2.2438446E-04
+2.9650000E+00	+6.0492173E-05	+2.2398485E-04
+2.9660000E+00	+6.0592954E-05	+2.2358650E-04
+2.9670000E+00	+6.0693218E-05	+2.2318940E-04
+2.9680000E+00	+6.0792970E-05	+2.2279355E-04
+2.9690000E+00	+6.0892212E-05	+2.2239894E-04
+2.9700000E+00	+6.0990947E-05	+2.2200557E-04
+2.9710000E+00	+6.1089179E-05	+2.2161342E-04
+2.9720000E+00	+6.1186909E-05	+2.2122250E-04
+2.9730000E+00	+6.1284142E-05	+2.2083280E-04
+2.9740000E+00	+6.1380879E-05	+2.2044431E-04
+2.9750000E+00	+6.1477125E-05	+2.2005702E-04
+2.9760000E+00	+6.1572881E-05	+2.1967094E-04
+2.9770000E+00	+6.1668151E-05	+2.1928605E-04
+2.9780000E+00	+6.1762937E-05	+2.1890234E-04
+2.9790000E+00	+6.1857243E-05	+2.1851982E-04
+2.9800000E+00	+6.1951071E-05	+2.1813848E-04
+2.9810000E+00	+6.2044424E-05	+2.1775831E-04
+2.9820000E+00	+6.2137304E-05	+2.1737930E-04
+2.9830000E+00	+6.2229715E-05	+2.1700145E-04
+2.9840000E+00	+6.2321659E-05	+2.1662476E-04
+2.9850000E+00	+6.2413139E-05	+2.1624922E-04
+2.9860000E+00	+6.2504157E-05	+2.1587482E-04
+2.9870000E+00	+6.2594716E-05	+2.1550156E-04
+2.9880000E+00	+6.2684819E-05	+2.1512943E-04
+2.9890000E+00	+6.2774468E-05	+2.1475842E-04
+2.9900000E+00	+6.2863667E-05	+2.1438854E-04
+2.9910000E+00	+6.2952416E-05	+2.1401978E-04
+2.9920000E+00	+6.3040720E-05	+2.1365213E-04
+2.9930000E+00	+6.3128581E-05	+2.1328558E-04
+2.9940000E+00	+6.3216000E-05	+2.1292014E-04
+2.9950000E+00	+6.3302982E-05	+2.1255579E-04
+2.9960000E+00	+6.3389527E-05	+2.1219253E-04
+2.9970000E+00	+6.3475639E-05	+2.1183035E-04
+2.9980000E+00	+6.3561320E-05	+2.1146926E-04
+2.9990000E+00	+6.3646572E-05	+2.1110924E-04
+3.0000000E+00	+6.3731398E-05	+2.1075029E-04
