+2.0000000E+00	-1.5703616E-04	-1.8678147E-04
+2.0010000E+00	-1.5767152E-04	-1.8721485E-04
+2.0020000E+00	-1.5831083E-04	-1.8765000E-04
+2.0030000E+00	-1.5895415E-04	-1.8808694E-04
+2.0040000E+00	-1.5960151E-04	-1.8852568E-04
+2.0050000E+00	-1.6025293E-04	-1.8896621E-04
+2.0060000E+00	-1.6090847E-04	-1.8940855E-04
+2.0070000E+00	-1.6156814E-04	-1.8985271E-04
+2.0080000E+00	-1.6223200E-04	-1.9029869E-04
+2.0090000E+00	-1.6290008E-04	-1.9074652E-04
+2.0100000E+00	-1.6357241E-04	-1.9119618E-04
+2.0110000E+00	-1.6424904E-04	-1.9164770E-04
+2.0120000E+00	-1.6493000E-04	-1.9210108E-04
+2.0130000E+00	-1.6561534E-04	-1.9255633E-04
+2.0140000E+00	-1.6630508E-04	-1.9301345E-04
+2.0150000E+00	-1.6699928E-04	-1.9347247E-04
+2.0160000E+00	-1.6769796E-04	-1.9393338E-04
+2.0170000E+00	-1.6840119E-04	-1.9439619E-04
+2.0180000E+00	-1.6910898E-04	-1.9486092E-04
+2.0190000E+00	-1.6982139E-04	-1.9532758E-04
+2.0200000E+00	-1.7053846E-04	-1.9579616E-04
+2.0210000E+00	-1.7126023E-04	-1.9626668E-04
+2.0220000E+00	-1.7198674E-04	-1.9673915E-04
+2.0230000E+00	-1.7271804E-04	-1.9721358E-04
+2.0240000E+00	-1.7345418E-04	-1.9768997E-04
+2.0250000E+00	-1.7419519E-04	-1.9816834E-04
+2.0260000E+00	-1.7494112E-04	-1.9864869E-04
+2.0270000E+00	-1.7569203E-04	-1.9913103E-04
+2.0280000E+00	-1.7644794E-04	-1.9961537E-04
+2.0290000E+00	-1.7720892E-04	-2.0010172E-04
+2.0300000E+00	-1.7797501E-04	-2.0059009E-04
+2.0310000E+00	-1.7874626E-04	-2.0108048E-04
+2.0320000E+00	-1.7952271E-04	-2.0157291E-04
+2.0330000E+00	-1.8030442E-04	-2.0206738E-04
+2.0340000E+00	-1.8109143E-04	-2.0256390E-04
+2.0350000E+00	-1.8188380E-04	-2.0306248E-04
+2.0360000E+00	-1.8268157E-04	-2.0356313E-04
+2.0370000E+00	-1.8348480E-04	-2.0406586E-04
+2.0380000E+00	-1.8429355E-04	-2.0457067E-04
+2.0390000E+00	-1.8510786E-04	-2.0507758E-04
+2.0400000E+00	-1.8592778E-04	-2.0558658E-04
+2.0410000E+00	-1.8675338E-04	-2.0609770E-04
+2.0420000E+00	-1.8758470E-04	-2.0661093E-04
+2.0430000E+00	-1.8842180E-04	-2.0712629E-04
+2.0440000E+00	-1.8926474E-04	-2.0764378E-04
+2.0450000E+00	-1.9011357E-04	-2.0816341E-04
+2.0460000E+00	-1.9096836E-04	-2.0868519E-04
+2.0470000E+00	-1.9182916E-04	-2.0920913E-04
+2.0480000E+00	-1.9269602E-04	-2.0973524E-04
+2.0490000E+00	-1.9356902E-04	-2.1026351E-04
+2.0500000E+00	-1.9444820E-04	-2.1079397E-04
+2.0510000E+00	-1.9533364E-04	-2.1132661E-04
+2.0520000E+00	-1.9622539E-04	-2.1186145E-04
+2.0530000E+00	-1.9712351E-04	-2.1239849E-04
+2.0540000E+00	-1.9802807E-04	-2.1293774E-04
+2.0550000E+00	-1.9893913E-04	-2.1347920E-04
+2.0560000E+00	-1.9985677E-04	-2.1402289E-04
+2.0570000E+00	-2.0078103E-04	-2.1456880E-04
+2.0580000E+00	-2.0171200E-04	-2.1511696E-04
+2.0590000E+00	-2.0264973E-04	-2.1566735E-04
+2.0600000E+00	-2.0359430E-04	-2.1622000E-04
+2.0610000E+00	-2.0454577E-04	-2.1677490E-04
+2.0620000E+00	-2.0550422E-04	-2.1733206E-04
+2.0630000E+00	-2.0646972E-04	-2.1789149E-04
+2.0640000E+00	-2.0744233E-04	-2.1845319E-04
+2.0650000E+00	-2.0842214E-04	-2.1901718E-04
+2.0660000E+00	-2.0940920E-04	-2.1958344E-04
+2.0670000E+00	-2.1040361E-04	-2.2015200E-04
+2.0680000E+00	-2.1140543E-04	-2.2072285E-04
+2.0690000E+00	-2.1241475E-04	-2.2129600E-04
+2.0700000E+00	-2.1343163E-04	-2.2187146E-04
+2.0710000E+00	-2.1445616E-04	-2.2244923E-04
+2.0720000E+00	-2.1548841E-04	-2.2302931E-04
+2.0730000E+00	-2.1652847E-04	-2.2361170E-04
+2.0740000E+00	-2.1757642E-04	-2.2419642E-04
+2.0750000E+00	-2.1863234E-04	-2.2478347E-04
+2.0760000E+00	-2.1969632E-04	-2.2537284E-04
+2.0770000E+00	-2.2076843E-04	-2.2596455E-04
+2.0780000E+00	-2.2184877E-04	-2.2655859E-04
+2.0790000E+00	-2.2293742E-04	-2.2715496E-04
+2.0800000E+00	-2.2403446E-04	-2.2775368E-04
+2.0810000E+00	-2.2514000E-04	-2.2835473E-04
+2.0820000E+00	-2.2625412E-04	-2.2895814E-04
+2.0830000E+00	-2.2737690E-04	-2.2956388E-04
+2.0840000E+00	-2.2850845E-04	-2.3017197E-04
+2.0850000E+00	-2.2964885E-04	-2.3078241E-04
+2.0860000E+00	-2.3079820E-04	-2.3139519E-04
+2.0870000E+00	-2.3195661E-04	-2.3201032E-04
+2.0880000E+00	-2.3312415E-04	-2.3262780E-04
+2.0890000E+00	-2.3430094E-04	-2.3324762E-04
+2.0900000E+00	-2.3548708E-04	-2.3386979E-04
+2.0910000E+00	-2.3668266E-04	-2.3449430E-04
+2.0920000E+00	-2.3788778E-04	-2.3512115E-04
+2.0930000E+00	-2.3910256E-04	-2.3575034E-04
+2.0940000E+00	-2.4032710E-04	-2.3638187E-04
+2.0950000E+00	-2.4156149E-04	-2.3701573E-04
+2.0960000E+00	-2.4280586E-04	-2.3765191E-04
+2.0970000E+00	-2.4406031E-04	-2.3829042E-04
+2.0980000E+00	-2.4532496E-04	-2.3893125E-04
+2.0990000E+00	-2.4659990E-04	-2.3957440E-04
+2.1000000E+00	-2.4788527E-04	-2.4021985E-04
+2.1010000E+00	-2.4918117E-04	-2.4086761E-04
+2.1020000E+00	-2.5048772E-04	-2.4151766E-04
+2.1030000E+00	-2.5180504E-04	-2.4216999E-04
+2.1040000E+00	-2.5313325E-04	-2.4282461E-04
+2.1050000E+00	-2.5447246E-04	-2.4348149E-04
+2.1060000E+00	-2.5582282E-04	-2.4414064E-04
+2.1070000E+00	-2.5718443E-04	-2.4480204E-04
+2.1080000E+00	-2.5855743E-04	-2.4546567E-04
+2.1090000E+00	-2.5994194E-04	-2.4613153E-04
+2.1100000E+00	-2.6133809E-04	-2.4679961E-04
+2.1110000E+00	-2.6274602E-04	-2.4746989E-04
+2.1120000E+00	-2.6416585E-04	-2.4814235E-04
+2.1130000E+00	-2.6559773E-04	-2.4881699E-04
+2.1140000E+00	-2.6704179E-04	-2.4949379E-04
+2.1150000E+00	-2.6849816E-04	-2.5017273E-04
+2.1160000E+00	-2.6996700E-04	-2.5085379E-04
+2.1170000E+00	-2.7144844E-04	-2.5153695E-04
+2.1180000E+00	-2.7294262E-04	-2.5222221E-04
+2.1190000E+00	-2.7444969E-04	-2.5290952E-04
+2.1200000E+00	-2.7596980E-04	-2.5359889E-04
+2.1210000E+00	-2.7750311E-04	-2.5429027E-04
+2.1220000E+00	-2.7904975E-04	-2.5498365E-04
+2.1230000E+00	-2.8060989E-04	-2.5567901E-04
+2.1240000E+00	-2.8218368E-04	-2.5637632E-04
+2.1250000E+00	-2.8377128E-04	-2.5707555E-04
+2.1260000E+00	-2.8537285E-04	-2.5777667E-04
+2.1270000E+00	-2.8698855E-04	-2.5847966E-04
+2.1280000E+00	-2.8861855E-04	-2.5918448E-04
+2.1290000E+00	-2.9026301E-04	-2.5989111E-04
+2.1300000E+00	-2.9192210E-04	-2.6059950E-04
+2.1310000E+00	-2.9359599E-04	-2.6130963E-04
+2.1320000E+00	-2.9528486E-04	-2.6202147E-04
+2.1330000E+00	-2.9698888E-04	-2.6273496E-04
+2.1340000E+00	-2.9870823E-04	-2.6345008E-04
+2.1350000E+00	-3.0044309E-04	-2.6416678E-04
+2.1360000E+00	-3.0219364E-04	-2.6488502E-04
+2.1370000E+00	-3.0396007E-04	-2.6560477E-04
+2.1380000E+00	-3.0574256E-04	-2.6632596E-04
+2.1390000E+00	-3.0754130E-04	-2.6704856E-04
+2.1400000E+00	-3.0935649E-04	-2.6777252E-04
+2.1410000E+00	-3.1118832E-04	-2.6849779E-04
+2.1420000E+00	-3.1303699E-04	-2.6922431E-04
+2.1430000E+00	-3.1490269E-04	-2.6995203E-04
+2.1440000E+00	-3.1678563E-04	-2.7068090E-04
+2.1450000E+00	-3.1868602E-04	-2.7141085E-04
+2.1460000E+00	-3.2060405E-04	-2.7214183E-04
+2.1470000E+00	-3.2253995E-04	-2.7287377E-04
+2.1480000E+00	-3.2449393E-04	-2.7360661E-04
+2.1490000E+00	-3.2646619E-04	-2.7434028E-04
+2.1500000E+00	-3.2845696E-04	-2.7507472E-04
+2.1510000E+00	-3.3046646E-04	-2.7580985E-04
+2.1520000E+00	-3.3249491E-04	-2.7654559E-04
+2.1530000E+00	-3.3454254E-04	-2.7728188E-04
+2.1540000E+00	-3.3660958E-04	-2.7801863E-04
+2.1550000E+00	-3.3869626E-04	-2.7875575E-04
+2.1560000E+00	-3.4080282E-04	-2.7949318E-04
+2.1570000E+00	-3.4292949E-04	-2.8023081E-04
+2.1580000E+00	-3.4507652E-04	-2.8096856E-04
+2.1590000E+00	-3.4724415E-04	-2.8170634E-04
+2.1600000E+00	-3.4943262E-04	-2.8244405E-04
+2.1610000E+00	-3.5164219E-04	-2.8318159E-04
+2.1620000E+00	-3.5387311E-04	-2.8391886E-04
+2.1630000E+00	-3.5612563E-04	-2.8465575E-04
+2.1640000E+00	-3.5840002E-04	-2.8539216E-04
+2.1650000E+00	-3.6069654E-04	-2.8612797E-04
+2.1660000E+00	-3.6301544E-04	-2.8686306E-04
+2.1670000E+00	-3.6535701E-04	-2.8759733E-04
+2.1680000E+00	-3.6772151E-04	-2.8833064E-04
+2.1690000E+00	-3.7010922E-04	-2.8906287E-04
+2.1700000E+00	-3.7252041E-04	-2.8979389E-04
+2.1710000E+00	-3.7495537E-04	-2.9052357E-04
+2.1720000E+00	-3.7741437E-04	-2.9125176E-04
+2.1730000E+00	-3.7989772E-04	-2.9197832E-04
+2.1740000E+00	-3.8240569E-04	-2.9270311E-04
+2.1750000E+00	-3.8493859E-04	-2.9342598E-04
+2.1760000E+00	-3.8749671E-04	-2.9414677E-04
+2.1770000E+00	-3.9008035E-04	-2.9486532E-04
+2.1780000E+00	-3.9268981E-04	-2.9558147E-04
+2.1790000E+00	-3.9532540E-04	-2.9629504E-04
+2.1800000E+00	-3.9798744E-04	-2.9700587E-04
+2.1810000E+00	-4.0067623E-04	-2.9771377E-04
+2.1820000E+00	-4.0339210E-04	-2.9841856E-04
+2.1830000E+00	-4.0613535E-04	-2.9912005E-04
+2.1840000E+00	-4.0890633E-04	-2.9981805E-04
+2.1850000E+00	-4.1170535E-04	-3.0051235E-04
+2.1860000E+00	-4.1453274E-04	-3.0120276E-04
+2.1870000E+00	-4.1738884E-04	-3.0188905E-04
+2.1880000E+00	-4.2027398E-04	-3.0257102E-04
+2.1890000E+00	-4.2318851E-04	-3.0324843E-04
+2.1900000E+00	-4.2613276E-04	-3.0392106E-04
+2.1910000E+00	-4.2910709E-04	-3.0458868E-04
+2.1920000E+00	-4.3211183E-04	-3.0525104E-04
+2.1930000E+00	-4.3514736E-04	-3.0590790E-04
+2.1940000E+00	-4.3821402E-04	-3.0655900E-04
+2.1950000E+00	-4.4131216E-04	-3.0720408E-04
+2.1960000E+00	-4.4444216E-04	-3.0784287E-04
+2.1970000E+00	-4.4760438E-04	-3.0847509E-04
+2.1980000E+00	-4.5079919E-04	-3.0910048E-04
+2.1990000E+00	-4.5402695E-04	-3.0971873E-04
+2.2000000E+00	-4.5728805E-04	-3.1032955E-04
+2.2010000E+00	-4.6058285E-04	-3.1093263E-04
+2.2020000E+00	-4.6391175E-04	-3.1152767E-04
+2.2030000E+00	-4.6727512E-04	-3.1211435E-04
+2.2040000E+00	-4.7067334E-04	-3.1269233E-04
+2.2050000E+00	-4.7410682E-04	-3.1326129E-04
+2.2060000E+00	-4.7757594E-04	-3.1382088E-04
+2.2070000E+00	-4.8108109E-04	-3.1437074E-04
+2.2080000E+00	-4.8462267E-04	-3.1491053E-04
+2.2090000E+00	-4.8820108E-04	-3.1543986E-04
+2.2100000E+00	-4.9181672E-04	-3.1595837E-04
+2.2110000E+00	-4.9547000E-04	-3.1646566E-04
+2.2120000E+00	-4.9916133E-04	-3.1696134E-04
+2.2130000E+00	-5.0289110E-04	-3.1744501E-04
+2.2140000E+00	-5.0665974E-04	-3.1791626E-04
+2.2150000E+00	-5.1046766E-04	-3.1837465E-04
+2.2160000E+00	-5.1431527E-04	-3.1881976E-04
+2.2170000E+00	-5.1820300E-04	-3.1925116E-04
+2.2180000E+00	-5.2213125E-04	-3.1966837E-04
+2.2190000E+00	-5.2610046E-04	-3.2007095E-04
+2.2200000E+00	-5.3011105E-04	-3.2045842E-04
+2.2210000E+00	-5.3416343E-04	-3.2083031E-04
+2.2220000E+00	-5.3825805E-04	-3.2118611E-04
+2.2230000E+00	-5.4239533E-04	-3.2152533E-04
+2.2240000E+00	-5.4657569E-04	-3.2184746E-04
+2.2250000E+00	-5.5079958E-04	-3.2215197E-04
+2.2260000E+00	-5.5506741E-04	-3.2243832E-04
+2.2270000E+00	-5.5937964E-04	-3.2270599E-04
+2.2280000E+00	-5.6373670E-04	-3.2295440E-04
+2.2290000E+00	-5.6813901E-04	-3.2318299E-04
+2.2300000E+00	-5.7258703E-04	-3.2339119E-04
+2.2310000E+00	-5.7708118E-04	-3.2357841E-04
+2.2320000E+00	-5.8162192E-04	-3.2374405E-04
+2.2330000E+00	-5.8620967E-04	-3.2388749E-04
+2.2340000E+00	-5.9084490E-04	-3.2400812E-04
+2.2350000E+00	-5.9552803E-04	-3.2410531E-04
+2.2360000E+00	-6.0025951E-04	-3.2417840E-04
+2.2370000E+00	-6.0503979E-04	-3.2422675E-04
+2.2380000E+00	-6.0986932E-04	-3.2424968E-04
+2.2390000E+00	-6.1474854E-04	-3.2424652E-04
+2.2400000E+00	-6.1967789E-04	-3.2421657E-04
+2.2410000E+00	-6.2465784E-04	-3.2415913E-04
+2.2420000E+00	-6.2968882E-04	-3.2407349E-04
+2.2430000E+00	-6.3477130E-04	-3.2395892E-04
+2.2440000E+00	-6.3990571E-04	-3.2381468E-04
+2.2450000E+00	-6.4509252E-04	-3.2364003E-04
+2.2460000E+00	-6.5033218E-04	-3.2343419E-04
+2.2470000E+00	-6.5562514E-04	-3.2319640E-04
+2.2480000E+00	-6.6097187E-04	-3.2292587E-04
+2.2490000E+00	-6.6637281E-04	-3.2262180E-04
+2.2500000E+00	-6.7182844E-04	-3.2228338E-04
+2.2510000E+00	-6.7733920E-04	-3.2190979E-04
+2.2520000E+00	-6.8290558E-04	-3.2150020E-04
+2.2530000E+00	-6.8852803E-04	-3.2105375E-04
+2.2540000E+00	-6.9420702E-04	-3.2056959E-04
+2.2550000E+00	-6.9994304E-04	-3.2004684E-04
+2.2560000E+00	-7.0573654E-04	-3.1948463E-04
+2.2570000E+00	-7.1158802E-04	-3.1888205E-04
+2.2580000E+00	-7.1749796E-04	-3.1823820E-04
+2.2590000E+00	-7.2346684E-04	-3.1755215E-04
+2.2600000E+00	-7.2949516E-04	-3.1682296E-04
+2.2610000E+00	-7.3558342E-04	-3.1604970E-04
+2.2620000E+00	-7.4173212E-04	-3.1523139E-04
+2.2630000E+00	-7.4794177E-04	-3.1436706E-04
+2.2640000E+00	-7.5421290E-04	-3.1345572E-04
+2.2650000E+00	-7.6054603E-04	-3.1249637E-04
+2.2660000E+00	-7.6694169E-04	-3.1148798E-04
+2.2670000E+00	-7.7340044E-04	-3.1042954E-04
+2.2680000E+00	-7.7992282E-04	-3.0931997E-04
+2.2690000E+00	-7.8650939E-04	-3.0815824E-04
+2.2700000E+00	-7.9316075E-04	-3.0694324E-04
+2.2710000E+00	-7.9987748E-04	-3.0567389E-04
+2.2720000E+00	-8.0666017E-04	-3.0434907E-04
+2.2730000E+00	-8.1350946E-04	-3.0296765E-04
+2.2740000E+00	-8.2042598E-04	-3.0152848E-04
+2.2750000E+00	-8.2741038E-04	-3.0003038E-04
+2.2760000E+00	-8.3446333E-04	-2.9847217E-04
+2.2770000E+00	-8.4158552E-04	-2.9685262E-04
+2.2780000E+00	-8.4877766E-04	-2.9517051E-04
+2.2790000E+00	-8.5604049E-04	-2.9342457E-04
+2.2800000E+00	-8.6337476E-04	-2.9161352E-04
+2.2810000E+00	-8.7078125E-04	-2.8973605E-04
+2.2820000E+00	-8.7826078E-04	-2.8779081E-04
+2.2830000E+00	-8.8581417E-04	-2.8577643E-04
+2.2840000E+00	-8.9344231E-04	-2.8369152E-04
+2.2850000E+00	-9.0114607E-04	-2.8153462E-04
+2.2860000E+00	-9.0892640E-04	-2.7930428E-04
+2.2870000E+00	-9.1678427E-04	-2.7699898E-04
+2.2880000E+00	-9.2472066E-04	-2.7461716E-04
+2.2890000E+00	-9.3273662E-04	-2.7215724E-04
+2.2900000E+00	-9.4083324E-04	-2.6961756E-04
+2.2910000E+00	-9.4901163E-04	-2.6699644E-04
+2.2920000E+00	-9.5727296E-04	-2.6429213E-04
+2.2930000E+00	-9.6561844E-04	-2.6150283E-04
+2.2940000E+00	-9.7404932E-04	-2.5862668E-04
+2.2950000E+00	-9.8256692E-04	-2.5566175E-04
+2.2960000E+00	-9.9117259E-04	-2.5260605E-04
+2.2970000E+00	-9.9986773E-04	-2.4945750E-04
+2.2980000E+00	-1.0086538E-03	-2.4621396E-04
+2.2990000E+00	-1.0175324E-03	-2.4287320E-04
+2.3000000E+00	-1.0265050E-03	-2.3943289E-04
+2.3010000E+00	-1.0355732E-03	-2.3589064E-04
+2.3020000E+00	-1.0447389E-03	-2.3224390E-04
+2.3030000E+00	-1.0540037E-03	-2.2849007E-04
+2.3040000E+00	-1.0633694E-03	-2.2462639E-04
+2.3050000E+00	-1.0728380E-03	-2.2065002E-04
+2.3060000E+00	-1.0824114E-03	-2.1655794E-04
+2.3070000E+00	-1.0920915E-03	-2.1234704E-04
+2.3080000E+00	-1.1018806E-03	-2.0801402E-04
+2.3090000E+00	-1.1117807E-03	-2.0355545E-04
+2.3100000E+00	-1.1217941E-03	-1.9896773E-04
+2.3110000E+00	-1.1319231E-03	-1.9424706E-04
+2.3120000E+00	-1.1421699E-03	-1.8938948E-04
+2.3130000E+00	-1.1525370E-03	-1.8439082E-04
+2.3140000E+00	-1.1630270E-03	-1.7924668E-04
+2.3150000E+00	-1.1736423E-03	-1.7395245E-04
+2.3160000E+00	-1.1843855E-03	-1.6850329E-04
+2.3170000E+00	-1.1952594E-03	-1.6289409E-04
+2.3180000E+00	-1.2062665E-03	-1.5711947E-04
+2.3190000E+00	-1.2174098E-03	-1.5117378E-04
+2.3200000E+00	-1.2286919E-03	-1.4505106E-04
+2.3210000E+00	-1.2401159E-03	-1.3874502E-04
+2.3220000E+00	-1.2516845E-03	-1.3224907E-04
+2.3230000E+00	-1.2634006E-03	-1.2555622E-04
+2.3240000E+00	-1.2752673E-03	-1.1865913E-04
+2.3250000E+00	-1.2872874E-03	-1.1155005E-04
+2.3260000E+00	-1.2994640E-03	-1.0422082E-04
+2.3270000E+00	-1.3117999E-03	-9.6662841E-05
+2.3280000E+00	-1.3242980E-03	-8.8867029E-05
+2.3290000E+00	-1.3369613E-03	-8.0823822E-05
+2.3300000E+00	-1.3497926E-03	-7.2523137E-05
+2.3310000E+00	-1.3627945E-03	-6.3954344E-05
+2.3320000E+00	-1.3759698E-03	-5.5106238E-05
+2.3330000E+00	-1.3893210E-03	-4.5967013E-05
+2.3340000E+00	-1.4028504E-03	-3.6524223E-05
+2.3350000E+00	-1.4165603E-03	-2.6764758E-05
+2.3360000E+00	-1.4304526E-03	-1.6674809E-05
+2.3370000E+00	-1.4445292E-03	-6.2398291E-06
+2.3380000E+00	-1.4587915E-03	+4.5554947E-06
+2.3390000E+00	-1.4732407E-03	+1.5727282E-05
+2.3400000E+00	-1.4878776E-03	+2.7292494E-05
+2.3410000E+00	-1.5027025E-03	+3.9268972E-05
+2.3420000E+00	-1.5177154E-03	+5.1675475E-05
+2.3430000E+00	-1.5329157E-03	+6.4531716E-05
+2.3440000E+00	-1.5483020E-03	+7.7858404E-05
+2.3450000E+00	-1.5638725E-03	+9.1677278E-05
+2.3460000E+00	-1.5796244E-03	+1.0601115E-04
+2.3470000E+00	-1.5955542E-03	+1.2088393E-04
+2.3480000E+00	-1.6116574E-03	+1.3632067E-04
+2.3490000E+00	-1.6279283E-03	+1.5234761E-04
+2.3500000E+00	-1.6443603E-03	+1.6899216E-04
+2.3510000E+00	-1.6609452E-03	+1.8628300E-04
+2.3520000E+00	-1.6776735E-03	+2.0425001E-04
+2.3530000E+00	-1.6945341E-03	+2.2292437E-04
+2.3540000E+00	-1.7115140E-03	+2.4233851E-04
+2.3550000E+00	-1.7285984E-03	+2.6252613E-04
+2.3560000E+00	-1.7457702E-03	+2.8352221E-04
+2.3570000E+00	-1.7630102E-03	+3.0536292E-04
+2.3580000E+00	-1.7802963E-03	+3.2808566E-04
+2.3590000E+00	-1.7976038E-03	+3.5172895E-04
+2.3600000E+00	-1.8149049E-03	+3.7633237E-04
+2.3610000E+00	-1.8321685E-03	+4.0193646E-04
+2.3620000E+00	-1.8493597E-03	+4.2858259E-04
+2.3630000E+00	-1.8664399E-03	+4.5631283E-04
+2.3640000E+00	-1.8833662E-03	+4.8516969E-04
+2.3650000E+00	-1.9000910E-03	+5.1519597E-04
+2.3660000E+00	-1.9165620E-03	+5.4643443E-04
+2.3670000E+00	-1.9327216E-03	+5.7892747E-04
+2.3680000E+00	-1.9485066E-03	+6.1271679E-04
+2.3690000E+00	-1.9638478E-03	+6.4784290E-04
+2.3700000E+00	-1.9786699E-03	+6.8434463E-04
+2.3710000E+00	-1.9928910E-03	+7.2225857E-04
+2.3720000E+00	-2.0064223E-03	+7.6161837E-04
+2.3730000E+00	-2.0191680E-03	+8.0245407E-04
+2.3740000E+00	-2.0310248E-03	+8.4479119E-04
+2.3750000E+00	-2.0418821E-03	+8.8864992E-04
+2.3760000E+00	-2.0516219E-03	+9.3404402E-04
+2.3770000E+00	-2.0601186E-03	+9.8097980E-04
+2.3780000E+00	-2.0672393E-03	+1.0294549E-03
+2.3790000E+00	-2.0728443E-03	+1.0794572E-03
+2.3800000E+00	-2.0767873E-03	+1.1309632E-03
+2.3810000E+00	-2.0789160E-03	+1.1839370E-03
+2.3820000E+00	-2.0790734E-03	+1.2383286E-03
+2.3830000E+00	-2.0770986E-03	+1.2940729E-03
+2.3840000E+00	-2.0728279E-03	+1.3510880E-03
+2.3850000E+00	-2.0660972E-03	+1.4092741E-03
+2.3860000E+00	-2.0567429E-03	+1.4685123E-03
+2.3870000E+00	-2.0446052E-03	+1.5286638E-03
+2.3880000E+00	-2.0295296E-03	+1.5895690E-03
+2.3890000E+00	-2.0113701E-03	+1.6510471E-03
+2.3900000E+00	-1.9899922E-03	+1.7128961E-03
+2.3910000E+00	-1.9652758E-03	+1.7748932E-03
+2.3920000E+00	-1.9371185E-03	+1.8367957E-03
+2.3930000E+00	-1.9054391E-03	+1.8983419E-03
+2.3940000E+00	-1.8701804E-03	+1.9592541E-03
+2.3950000E+00	-1.8313125E-03	+2.0192399E-03
+2.3960000E+00	-1.7888358E-03	+2.0779963E-03
+2.3970000E+00	-1.7427827E-03	+2.1352130E-03
+2.3980000E+00	-1.6932201E-03	+2.1905765E-03
+2.3990000E+00	-1.6402502E-03	+2.2437749E-03
+2.4000000E+00	-1.5840114E-03	+2.2945027E-03
+2.4010000E+00	-1.5246774E-03	+2.3424659E-03
+2.4020000E+00	-1.4624564E-03	+2.3873871E-03
+2.4030000E+00	-1.3975889E-03	+2.4290105E-03
+2.4040000E+00	-1.3303448E-03	+2.4671064E-03
+2.4050000E+00	-1.2610200E-03	+2.5014754E-03
+2.4060000E+00	-1.1899315E-03	+2.5319519E-03
+2.4070000E+00	-1.1174130E-03	+2.5584069E-03
+2.4080000E+00	-1.0438094E-03	+2.5807495E-03
+2.4090000E+00	-9.6947145E-04	+2.5989285E-03
+2.4100000E+00	-8.9474994E-04	+2.6129317E-03
+2.4110000E+00	-8.1999064E-04	+2.6227856E-03
+2.4120000E+00	-7.4552907E-04	+2.6285535E-03
+2.4130000E+00	-6.7168595E-04	+2.6303329E-03
+2.4140000E+00	-5.9876315E-04	+2.6282525E-03
+2.4150000E+00	-5.2704034E-04	+2.6224686E-03
+2.4160000E+00	-4.5677235E-04	+2.6131612E-03
+2.4170000E+00	-3.8818720E-04	+2.6005299E-03
+2.4180000E+00	-3.2148494E-04	+2.5847894E-03
+2.4190000E+00	-2.5683709E-04	+2.5661660E-03
+2.4200000E+00	-1.9438677E-04	+2.5448928E-03
+2.4210000E+00	-1.3424933E-04	+2.5212067E-03
+2.4220000E+00	-7.6513462E-05	+2.4953449E-03
+2.4230000E+00	-2.1242681E-05	+2.4675415E-03
+2.4240000E+00	+3.1522892E-05	+2.4380254E-03
+2.4250000E+00	+8.1764556E-05	+2.4070179E-03
+2.4260000E+00	+1.2948293E-04	+2.3747310E-03
+2.4270000E+00	+1.7469580E-04	+2.3413659E-03
+2.4280000E+00	+2.1743595E-04	+2.3071122E-03
+2.4290000E+00	+2.5774907E-04	+2.2721472E-03
+2.4300000E+00	+2.9569171E-04	+2.2366351E-03
+2.4310000E+00	+3.3132945E-04	+2.2007274E-03
+2.4320000E+00	+3.6473506E-04	+2.1645628E-03
+2.4330000E+00	+3.9598695E-04	+2.1282672E-03
+2.4340000E+00	+4.2516770E-04	+2.0919543E-03
+2.4350000E+00	+4.5236277E-04	+2.0557264E-03
+2.4360000E+00	+4.7765937E-04	+2.0196742E-03
+2.4370000E+00	+5.0114546E-04	+1.9838783E-03
+2.4380000E+00	+5.2290896E-04	+1.9484093E-03
+2.4390000E+00	+5.4303694E-04	+1.9133287E-03
+2.4400000E+00	+5.6161512E-04	+1.8786896E-03
+2.4410000E+00	+5.7872732E-04	+1.8445375E-03
+2.4420000E+00	+5.9445512E-04	+1.8109106E-03
+2.4430000E+00	+6.0887752E-04	+1.7778408E-03
+2.4440000E+00	+6.2207070E-04	+1.7453542E-03
+2.4450000E+00	+6.3410791E-04	+1.7134718E-03
+2.4460000E+00	+6.4505931E-04	+1.6822095E-03
+2.4470000E+00	+6.5499192E-04	+1.6515795E-03
+2.4480000E+00	+6.6396960E-04	+1.6215899E-03
+2.4490000E+00	+6.7205309E-04	+1.5922459E-03
+2.4500000E+00	+6.7929999E-04	+1.5635495E-03
+2.4510000E+00	+6.8576487E-04	+1.5355002E-03
+2.4520000E+00	+6.9149931E-04	+1.5080954E-03
+2.4530000E+00	+6.9655203E-04	+1.4813306E-03
+2.4540000E+00	+7.0096894E-04	+1.4551995E-03
+2.4550000E+00	+7.0479330E-04	+1.4296947E-03
+2.4560000E+00	+7.0806579E-04	+1.4048073E-03
+2.4570000E+00	+7.1082465E-04	+1.3805276E-03
+2.4580000E+00	+7.1310579E-04	+1.3568450E-03
+2.4590000E+00	+7.1494288E-04	+1.3337482E-03
+2.4600000E+00	+7.1636752E-04	+1.3112254E-03
+2.4610000E+00	+7.1740931E-04	+1.2892645E-03
+2.4620000E+00	+7.1809595E-04	+1.2678528E-03
+2.4630000E+00	+7.1845339E-04	+1.2469778E-03
+2.4640000E+00	+7.1850588E-04	+1.2266265E-03
+2.4650000E+00	+7.1827613E-04	+1.2067859E-03
+2.4660000E+00	+7.1778534E-04	+1.1874432E-03
+2.4670000E+00	+7.1705332E-04	+1.1685854E-03
+2.4680000E+00	+7.1609860E-04	+1.1501996E-03
+2.4690000E+00	+7.1493846E-04	+1.1322732E-03
+2.4700000E+00	+7.1358904E-04	+1.1147937E-03
+2.4710000E+00	+7.1206539E-04	+1.0977486E-03
+2.4720000E+00	+7.1038158E-04	+1.0811259E-03
+2.4730000E+00	+7.0855070E-04	+1.0649135E-03
+2.4740000E+00	+7.0658501E-04	+1.0490999E-03
+2.4750000E+00	+7.0449588E-04	+1.0336736E-03
+2.4760000E+00	+7.0229396E-04	+1.0186234E-03
+2.4770000E+00	+6.9998916E-04	+1.0039384E-03
+2.4780000E+00	+6.9759071E-04	+9.8960806E-04
+2.4790000E+00	+6.9510720E-04	+9.7562191E-04
+2.4800000E+00	+6.9254667E-04	+9.6196992E-04
+2.4810000E+00	+6.8991658E-04	+9.4864228E-04
+2.4820000E+00	+6.8722387E-04	+9.3562948E-04
+2.4830000E+00	+6.8447503E-04	+9.2292224E-04
+2.4840000E+00	+6.8167607E-04	+9.1051160E-04
+2.4850000E+00	+6.7883261E-04	+8.9838883E-04
+2.4860000E+00	+6.7594985E-04	+8.8654548E-04
+2.4870000E+00	+6.7303266E-04	+8.7497335E-04
+2.4880000E+00	+6.7008553E-04	+8.6366449E-04
+2.4890000E+00	+6.6711268E-04	+8.5261120E-04
+2.4900000E+00	+6.6411798E-04	+8.4180602E-04
+2.4910000E+00	+6.6110507E-04	+8.3124172E-04
+2.4920000E+00	+6.5807730E-04	+8.2091131E-04
+2.4930000E+00	+6.5503780E-04	+8.1080802E-04
+2.4940000E+00	+6.5198945E-04	+8.0092529E-04
+2.4950000E+00	+6.4893494E-04	+7.9125676E-04
+2.4960000E+00	+6.4587675E-04	+7.8179630E-04
+2.4970000E+00	+6.4281720E-04	+7.7253796E-04
+2.4980000E+00	+6.3975841E-04	+7.6347599E-04
+2.4990000E+00	+6.3670236E-04	+7.5460482E-04
+2.5000000E+00	+6.3365087E-04	+7.4591907E-04
+2.5010000E+00	+6.3060562E-04	+7.3741351E-04
+2.5020000E+00	+6.2756816E-04	+7.2908312E-04
+2.5030000E+00	+6.2453994E-04	+7.2092300E-04
+2.5040000E+00	+6.2152226E-04	+7.1292844E-04
+2.5050000E+00	+6.1851634E-04	+7.0509487E-04
+2.5060000E+00	+6.1552330E-04	+6.9741786E-04
+2.5070000E+00	+6.1254415E-04	+6.8989314E-04
+2.5080000E+00	+6.0957983E-04	+6.8251655E-04
+2.5090000E+00	+6.0663120E-04	+6.7528410E-04
+2.5100000E+00	+6.0369903E-04	+6.6819191E-04
+2.5110000E+00	+6.0078404E-04	+6.6123621E-04
+2.5120000E+00	+5.9788687E-04	+6.5441336E-04
+2.5130000E+00	+5.9500811E-04	+6.4771986E-04
+2.5140000E+00	+5.9214828E-04	+6.4115229E-04
+2.5150000E+00	+5.8930785E-04	+6.3470735E-04
+2.5160000E+00	+5.8648725E-04	+6.2838183E-04
+2.5170000E+00	+5.8368687E-04	+6.2217265E-04
+2.5180000E+00	+5.8090702E-04	+6.1607681E-04
+2.5190000E+00	+5.7814802E-04	+6.1009139E-04
+2.5200000E+00	+5.7541011E-04	+6.0421358E-04
+2.5210000E+00	+5.7269353E-04	+5.9844066E-04
+2.5220000E+00	+5.6999845E-04	+5.9276997E-04
+2.5230000E+00	+5.6732505E-04	+5.8719896E-04
+2.5240000E+00	+5.6467346E-04	+5.8172514E-04
+2.5250000E+00	+5.6204378E-04	+5.7634610E-04
+2.5260000E+00	+5.5943609E-04	+5.7105950E-04
+2.5270000E+00	+5.5685046E-04	+5.6586308E-04
+2.5280000E+00	+5.5428692E-04	+5.6075464E-04
+2.5290000E+00	+5.5174550E-04	+5.5573206E-04
+2.5300000E+00	+5.4922620E-04	+5.5079326E-04
+2.5310000E+00	+5.4672899E-04	+5.4593623E-04
+2.5320000E+00	+5.4425386E-04	+5.4115904E-04
+2.5330000E+00	+5.4180076E-04	+5.3645978E-04
+2.5340000E+00	+5.3936962E-04	+5.3183664E-04
+2.5350000E+00	+5.3696039E-04	+5.2728781E-04
+2.5360000E+00	+5.3457298E-04	+5.2281159E-04
+2.5370000E+00	+5.3220729E-04	+5.1840629E-04
+2.5380000E+00	+5.2986323E-04	+5.1407027E-04
+2.5390000E+00	+5.2754069E-04	+5.0980196E-04
+2.5400000E+00	+5.2523955E-04	+5.0559981E-04
+2.5410000E+00	+5.2295968E-04	+5.0146233E-04
+2.5420000E+00	+5.2070096E-04	+4.9738808E-04
+2.5430000E+00	+5.1846324E-04	+4.9337563E-04
+2.5440000E+00	+5.1624639E-04	+4.8942361E-04
+2.5450000E+00	+5.1405025E-04	+4.8553070E-04
+2.5460000E+00	+5.1187467E-04	+4.8169558E-04
+2.5470000E+00	+5.0971950E-04	+4.7791701E-04
+2.5480000E+00	+5.0758457E-04	+4.7419376E-04
+2.5490000E+00	+5.0546972E-04	+4.7052462E-04
+2.5500000E+00	+5.0337479E-04	+4.6690845E-04
+2.5510000E+00	+5.0129960E-04	+4.6334411E-04
+2.5520000E+00	+4.9924398E-04	+4.5983050E-04
+2.5530000E+00	+4.9720776E-04	+4.5636655E-04
+2.5540000E+00	+4.9519077E-04	+4.5295123E-04
+2.5550000E+00	+4.9319282E-04	+4.4958352E-04
+2.5560000E+00	+4.9121375E-04	+4.4626242E-04
+2.5570000E+00	+4.8925336E-04	+4.4298699E-04
+2.5580000E+00	+4.8731149E-04	+4.3975628E-04
+2.5590000E+00	+4.8538795E-04	+4.3656939E-04
+2.5600000E+00	+4.8348256E-04	+4.3342542E-04
+2.5610000E+00	+4.8159515E-04	+4.3032352E-04
+2.5620000E+00	+4.7972552E-04	+4.2726283E-04
+2.5630000E+00	+4.7787351E-04	+4.2424254E-04
+2.5640000E+00	+4.7603892E-04	+4.2126185E-04
+2.5650000E+00	+4.7422159E-04	+4.1831997E-04
+2.5660000E+00	+4.7242134E-04	+4.1541615E-04
+2.5670000E+00	+4.7063797E-04	+4.1254965E-04
+2.5680000E+00	+4.6887133E-04	+4.0971974E-04
+2.5690000E+00	+4.6712122E-04	+4.0692571E-04
+2.5700000E+00	+4.6538748E-04	+4.0416688E-04
+2.5710000E+00	+4.6366992E-04	+4.0144258E-04
+2.5720000E+00	+4.6196838E-04	+3.9875215E-04
+2.5730000E+00	+4.6028269E-04	+3.9609495E-04
+2.5740000E+00	+4.5861266E-04	+3.9347036E-04
+2.5750000E+00	+4.5695814E-04	+3.9087778E-04
+2.5760000E+00	+4.5531894E-04	+3.8831660E-04
+2.5770000E+00	+4.5369491E-04	+3.8578626E-04
+2.5780000E+00	+4.5208588E-04	+3.8328617E-04
+2.5790000E+00	+4.5049168E-04	+3.8081580E-04
+2.5800000E+00	+4.4891214E-04	+3.7837460E-04
+2.5810000E+00	+4.4734711E-04	+3.7596204E-04
+2.5820000E+00	+4.4579643E-04	+3.7357761E-04
+2.5830000E+00	+4.4425994E-04	+3.7122080E-04
+2.5840000E+00	+4.4273747E-04	+3.6889113E-04
+2.5850000E+00	+4.4122887E-04	+3.6658811E-04
+2.5860000E+00	+4.3973400E-04	+3.6431128E-04
+2.5870000E+00	+4.3825268E-04	+3.6206018E-04
+2.5880000E+00	+4.3678478E-04	+3.5983435E-04
+2.5890000E+00	+4.3533015E-04	+3.5763337E-04
+2.5900000E+00	+4.3388863E-04	+3.5545679E-04
+2.5910000E+00	+4.3246008E-04	+3.5330421E-04
+2.5920000E+00	+4.3104435E-04	+3.5117522E-04
+2.5930000E+00	+4.2964131E-04	+3.4906940E-04
+2.5940000E+00	+4.2825080E-04	+3.4698638E-04
+2.5950000E+00	+4.2687269E-04	+3.4492577E-04
+2.5960000E+00	+4.2550684E-04	+3.4288720E-04
+2.5970000E+00	+4.2415312E-04	+3.4087029E-04
+2.5980000E+00	+4.2281138E-04	+3.3887468E-04
+2.5990000E+00	+4.2148150E-04	+3.3690004E-04
+2.6000000E+00	+4.2016334E-04	+3.3494601E-04
+2.6010000E+00	+4.1885677E-04	+3.3301226E-04
+2.6020000E+00	+4.1756166E-04	+3.3109845E-04
+2.6030000E+00	+4.1627788E-04	+3.2920427E-04
+2.6040000E+00	+4.1500531E-04	+3.2732940E-04
+2.6050000E+00	+4.1374383E-04	+3.2547354E-04
+2.6060000E+00	+4.1249331E-04	+3.2363637E-04
+2.6070000E+00	+4.1125362E-04	+3.2181760E-04
+2.6080000E+00	+4.1002466E-04	+3.2001695E-04
+2.6090000E+00	+4.0880630E-04	+3.1823412E-04
+2.6100000E+00	+4.0759842E-04	+3.1646885E-04
+2.6110000E+00	+4.0640090E-04	+3.1472085E-04
+2.6120000E+00	+4.0521365E-04	+3.1298985E-04
+2.6130000E+00	+4.0403653E-04	+3.1127561E-04
+2.6140000E+00	+4.0286944E-04	+3.0957786E-04
+2.6150000E+00	+4.0171227E-04	+3.0789634E-04
+2.6160000E+00	+4.0056492E-04	+3.0623082E-04
+2.6170000E+00	+3.9942727E-04	+3.0458105E-04
+2.6180000E+00	+3.9829921E-04	+3.0294679E-04
+2.6190000E+00	+3.9718066E-04	+3.0132781E-04
+2.6200000E+00	+3.9607149E-04	+2.9972388E-04
+2.6210000E+00	+3.9497161E-04	+2.9813478E-04
+2.6220000E+00	+3.9388092E-04	+2.9656029E-04
+2.6230000E+00	+3.9279932E-04	+2.9500020E-04
+2.6240000E+00	+3.9172671E-04	+2.9345429E-04
+2.6250000E+00	+3.9066300E-04	+2.9192236E-04
+2.6260000E+00	+3.8960808E-04	+2.9040421E-04
+2.6270000E+00	+3.8856187E-04	+2.8889963E-04
+2.6280000E+00	+3.8752427E-04	+2.8740842E-04
+2.6290000E+00	+3.8649519E-04	+2.8593041E-04
+2.6300000E+00	+3.8547455E-04	+2.8446540E-04
+2.6310000E+00	+3.8446224E-04	+2.8301320E-04
+2.6320000E+00	+3.8345818E-04	+2.8157364E-04
+2.6330000E+00	+3.8246229E-04	+2.8014653E-04
+2.6340000E+00	+3.8147447E-04	+2.7873171E-04
+2.6350000E+00	+3.8049465E-04	+2.7732899E-04
+2.6360000E+00	+3.7952274E-04	+2.7593822E-04
+2.6370000E+00	+3.7855866E-04	+2.7455922E-04
+2.6380000E+00	+3.7760232E-04	+2.7319184E-04
+2.6390000E+00	+3.7665364E-04	+2.7183591E-04
+2.6400000E+00	+3.7571255E-04	+2.7049128E-04
+2.6410000E+00	+3.7477896E-04	+2.6915779E-04
+2.6420000E+00	+3.7385280E-04	+2.6783530E-04
+2.6430000E+00	+3.7293399E-04	+2.6652365E-04
+2.6440000E+00	+3.7202246E-04	+2.6522270E-04
+2.6450000E+00	+3.7111813E-04	+2.6393230E-04
+2.6460000E+00	+3.7022093E-04	+2.6265232E-04
+2.6470000E+00	+3.6933078E-04	+2.6138262E-04
+2.6480000E+00	+3.6844761E-04	+2.6012305E-04
+2.6490000E+00	+3.6757135E-04	+2.5887349E-04
+2.6500000E+00	+3.6670194E-04	+2.5763381E-04
+2.6510000E+00	+3.6583929E-04	+2.5640387E-04
+2.6520000E+00	+3.6498335E-04	+2.5518356E-04
+2.6530000E+00	+3.6413405E-04	+2.5397273E-04
+2.6540000E+00	+3.6329131E-04	+2.5277128E-04
+2.6550000E+00	+3.6245508E-04	+2.5157908E-04
+2.6560000E+00	+3.6162529E-04	+2.5039601E-04
+2.6570000E+00	+3.6080187E-04	+2.4922196E-04
+2.6580000E+00	+3.5998477E-04	+2.4805680E-04
+2.6590000E+00	+3.5917391E-04	+2.4690044E-04
+2.6600000E+00	+3.5836924E-04	+2.4575275E-04
+2.6610000E+00	+3.5757069E-04	+2.4461363E-04
+2.6620000E+00	+3.5677822E-04	+2.4348297E-04
+2.6630000E+00	+3.5599174E-04	+2.4236066E-04
+2.6640000E+00	+3.5521122E-04	+2.4124661E-04
+2.6650000E+00	+3.5443658E-04	+2.4014070E-04
+2.6660000E+00	+3.5366778E-04	+2.3904284E-04
+2.6670000E+00	+3.5290475E-04	+2.3795293E-04
+2.6680000E+00	+3.5214744E-04	+2.3687087E-04
+2.6690000E+00	+3.5139580E-04	+2.3579657E-04
+2.6700000E+00	+3.5064977E-04	+2.3472993E-04
+2.6710000E+00	+3.4990929E-04	+2.3367085E-04
+2.6720000E+00	+3.4917432E-04	+2.3261925E-04
+2.6730000E+00	+3.4844480E-04	+2.3157504E-04
+2.6740000E+00	+3.4772067E-04	+2.3053812E-04
+2.6750000E+00	+3.4700190E-04	+2.2950842E-04
+2.6760000E+00	+3.4628842E-04	+2.2848584E-04
+2.6770000E+00	+3.4558019E-04	+2.2747029E-04
+2.6780000E+00	+3.4487716E-04	+2.2646171E-04
+2.6790000E+00	+3.4417927E-04	+2.2546000E-04
+2.6800000E+00	+3.4348649E-04	+2.2446508E-04
+2.6810000E+00	+3.4279875E-04	+2.2347688E-04
+2.6820000E+00	+3.4211603E-04	+2.2249531E-04
+2.6830000E+00	+3.4143826E-04	+2.2152030E-04
+2.6840000E+00	+3.4076541E-04	+2.2055177E-04
+2.6850000E+00	+3.4009743E-04	+2.1958964E-04
+2.6860000E+00	+3.3943427E-04	+2.1863386E-04
+2.6870000E+00	+3.3877589E-04	+2.1768433E-04
+2.6880000E+00	+3.3812224E-04	+2.1674099E-04
+2.6890000E+00	+3.3747329E-04	+2.1580376E-04
+2.6900000E+00	+3.3682898E-04	+2.1487259E-04
+2.6910000E+00	+3.3618928E-04	+2.1394740E-04
+2.6920000E+00	+3.3555415E-04	+2.1302811E-04
+2.6930000E+00	+3.3492355E-04	+2.1211468E-04
+2.6940000E+00	+3.3429742E-04	+2.1120702E-04
+2.6950000E+00	+3.3367574E-04	+2.1030508E-04
+2.6960000E+00	+3.3305846E-04	+2.0940878E-04
+2.6970000E+00	+3.3244555E-04	+2.0851808E-04
+2.6980000E+00	+3.3183696E-04	+2.0763290E-04
+2.6990000E+00	+3.3123266E-04	+2.0675319E-04
+2.7000000E+00	+3.3063261E-04	+2.0587888E-04
+2.7010000E+00	+3.3003677E-04	+2.0500992E-04
+2.7020000E+00	+3.2944511E-04	+2.0414624E-04
+2.7030000E+00	+3.2885758E-04	+2.0328780E-04
+2.7040000E+00	+3.2827415E-04	+2.0243452E-04
+2.7050000E+00	+3.2769479E-04	+2.0158636E-04
+2.7060000E+00	+3.2711946E-04	+2.0074326E-04
+2.7070000E+00	+3.2654812E-04	+1.9990517E-04
+2.7080000E+00	+3.2598074E-04	+1.9907202E-04
+2.7090000E+00	+3.2541729E-04	+1.9824378E-04
+2.7100000E+00	+3.2485774E-04	+1.9742038E-04
+2.7110000E+00	+3.2430204E-04	+1.9660177E-04
+2.7120000E+00	+3.2375017E-04	+1.9578790E-04
+2.7130000E+00	+3.2320209E-04	+1.9497873E-04
+2.7140000E+00	+3.2265777E-04	+1.9417420E-04
+2.7150000E+00	+3.2211718E-04	+1.9337427E-04
+2.7160000E+00	+3.2158029E-04	+1.9257888E-04
+2.7170000E+00	+3.2104706E-04	+1.9178798E-04
+2.7180000E+00	+3.2051747E-04	+1.9100154E-04
+2.7190000E+00	+3.1999148E-04	+1.9021950E-04
+2.7200000E+00	+3.1946907E-04	+1.8944181E-04
+2.7210000E+00	+3.1895020E-04	+1.8866844E-04
+2.7220000E+00	+3.1843485E-04	+1.8789934E-04
+2.7230000E+00	+3.1792298E-04	+1.8713445E-04
+2.7240000E+00	+3.1741457E-04	+1.8637375E-04
+2.7250000E+00	+3.1690959E-04	+1.8561718E-04
+2.7260000E+00	+3.1640801E-04	+1.8486471E-04
+2.7270000E+00	+3.1590979E-04	+1.8411629E-04
+2.7280000E+00	+3.1541493E-04	+1.8337188E-04
+2.7290000E+00	+3.1492338E-04	+1.8263144E-04
+2.7300000E+00	+3.1443512E-04	+1.8189493E-04
+2.7310000E+00	+3.1395012E-04	+1.8116231E-04
+2.7320000E+00	+3.1346836E-04	+1.8043353E-04
+2.7330000E+00	+3.1298981E-04	+1.7970857E-04
+2.7340000E+00	+3.1251444E-04	+1.7898738E-04
+2.7350000E+00	+3.1204224E-04	+1.7826992E-04
+2.7360000E+00	+3.1157316E-04	+1.7755616E-04
+2.7370000E+00	+3.1110720E-04	+1.7684606E-04
+2.7380000E+00	+3.1064431E-04	+1.7613959E-04
+2.7390000E+00	+3.1018449E-04	+1.7543670E-04
+2.7400000E+00	+3.0972770E-04	+1.7473736E-04
+2.7410000E+00	+3.0927392E-04	+1.7404154E-04
+2.7420000E+00	+3.0882313E-04	+1.7334920E-04
+2.7430000E+00	+3.0837530E-04	+1.7266030E-04
+2.7440000E+00	+3.0793041E-04	+1.7197482E-04
+2.7450000E+00	+3.0748844E-04	+1.7129272E-04
+2.7460000E+00	+3.0704936E-04	+1.7061396E-04
+2.7470000E+00	+3.0661315E-04	+1.6993852E-04
+2.7480000E+00	+3.0617979E-04	+1.6926636E-04
+2.7490000E+00	+3.0574926E-04	+1.6859744E-04
+2.7500000E+00	+3.0532153E-04	+1.6793175E-04
+2.7510000E+00	+3.0489659E-04	+1.6726923E-04
+2.7520000E+00	+3.0447441E-04	+1.6660988E-04
+2.7530000E+00	+3.0405497E-04	+1.6595364E-04
+2.7540000E+00	+3.0363824E-04	+1.6530050E-04
+2.7550000E+00	+3.0322422E-04	+1.6465043E-04
+2.7560000E+00	+3.0281288E-04	+1.6400339E-04
+2.7570000E+00	+3.0240419E-04	+1.6335935E-04
+2.7580000E+00	+3.0199814E-04	+1.6271829E-04
+2.7590000E+00	+3.0159471E-04	+1.6208018E-04
+2.7600000E+00	+3.0119387E-04	+1.6144499E-04
+2.7610000E+00	+3.0079562E-04	+1.6081269E-04
+2.7620000E+00	+3.0039992E-04	+1.6018325E-04
+2.7630000E+00	+3.0000676E-04	+1.5955665E-04
+2.7640000E+00	+2.9961613E-04	+1.5893286E-04
+2.7650000E+00	+2.9922799E-04	+1.5831186E-04
+2.7660000E+00	+2.9884234E-04	+1.5769361E-04
+2.7670000E+00	+2.9845915E-04	+1.5707809E-04
+2.7680000E+00	+2.9807841E-04	+1.5646527E-04
+2.7690000E+00	+2.9770010E-04	+1.5585514E-04
+2.7700000E+00	+2.9732420E-04	+1.5524765E-04
+2.7710000E+00	+2.9695069E-04	+1.5464280E-04
+2.7720000E+00	+2.9657956E-04	+1.5404055E-04
+2.7730000E+00	+2.9621079E-04	+1.5344088E-04
+2.7740000E+00	+2.9584436E-04	+1.5284377E-04
+2.7750000E+00	+2.9548025E-04	+1.5224919E-04
+2.7760000E+00	+2.9511844E-04	+1.5165712E-04
+2.7770000E+00	+2.9475893E-04	+1.5106753E-04
+2.7780000E+00	+2.9440169E-04	+1.5048040E-04
+2.7790000E+00	+2.9404671E-04	+1.4989571E-04
+2.7800000E+00	+2.9369397E-04	+1.4931344E-04
+2.7810000E+00	+2.9334346E-04	+1.4873356E-04
+2.7820000E+00	+2.9299515E-04	+1.4815605E-04
+2.7830000E+00	+2.9264904E-04	+1.4758089E-04
+2.7840000E+00	+2.9230511E-04	+1.4700806E-04
+2.7850000E+00	+2.9196333E-04	+1.4643754E-04
+2.7860000E+00	+2.9162371E-04	+1.4586930E-04
+2.7870000E+00	+2.9128621E-04	+1.4530332E-04
+2.7880000E+00	+2.9095083E-04	+1.4473959E-04
+2.7890000E+00	+2.9061756E-04	+1.4417808E-04
+2.7900000E+00	+2.9028637E-04	+1.4361877E-04
+2.7910000E+00	+2.8995725E-04	+1.4306164E-04
+2.7920000E+00	+2.8963019E-04	+1.4250667E-04
+2.7930000E+00	+2.8930518E-04	+1.4195385E-04
+2.7940000E+00	+2.8898219E-04	+1.4140315E-04
+2.7950000E+00	+2.8866122E-04	+1.4085455E-04
+2.7960000E+00	+2.8834225E-04	+1.4030803E-04
+2.7970000E+00	+2.8802527E-04	+1.3976357E-04
+2.7980000E+00	+2.8771026E-04	+1.3922117E-04
+2.7990000E+00	+2.8739721E-04	+1.3868079E-04
+2.8000000E+00	+2.8708610E-04	+1.3814241E-04
+2.8010000E+00	+2.8677693E-04	+1.3760603E-04
+2.8020000E+00	+2.8646968E-04	+1.3707162E-04
+2.8030000E+00	+2.8616434E-04	+1.3653916E-04
+2.8040000E+00	+2.8586089E-04	+1.3600864E-04
+2.8050000E+00	+2.8555932E-04	+1.3548004E-04
+2.8060000E+00	+2.8525962E-04	+1.3495334E-04
+2.8070000E+00	+2.8496178E-04	+1.3442852E-04
+2.8080000E+00	+2.8466577E-04	+1.3390557E-04
+2.8090000E+00	+2.8437160E-04	+1.3338447E-04
+2.8100000E+00	+2.8407925E-04	+1.3286520E-04
+2.8110000E+00	+2.8378870E-04	+1.3234775E-04
+2.8120000E+00	+2.8349995E-04	+1.3183210E-04
+2.8130000E+00	+2.8321298E-04	+1.3131823E-04
+2.8140000E+00	+2.8292777E-04	+1.3080613E-04
+2.8150000E+00	+2.8264433E-04	+1.3029578E-04
+2.8160000E+00	+2.8236263E-04	+1.2978716E-04
+2.8170000E+00	+2.8208267E-04	+1.2928027E-04
+2.8180000E+00	+2.8180443E-04	+1.2877508E-04
+2.8190000E+00	+2.8152791E-04	+1.2827157E-04
+2.8200000E+00	+2.8125308E-04	+1.2776975E-04
+2.8210000E+00	+2.8097994E-04	+1.2726958E-04
+2.8220000E+00	+2.8070848E-04	+1.2677105E-04
+2.8230000E+00	+2.8043869E-04	+1.2627415E-04
+2.8240000E+00	+2.8017056E-04	+1.2577886E-04
+2.8250000E+00	+2.7990407E-04	+1.2528518E-04
+2.8260000E+00	+2.7963922E-04	+1.2479308E-04
+2.8270000E+00	+2.7937599E-04	+1.2430255E-04
+2.8280000E+00	+2.7911437E-04	+1.2381357E-04
+2.8290000E+00	+2.7885436E-04	+1.2332614E-04
+2.8300000E+00	+2.7859594E-04	+1.2284023E-04
+2.8310000E+00	+2.7833910E-04	+1.2235584E-04
+2.8320000E+00	+2.7808383E-04	+1.2187295E-04
+2.8330000E+00	+2.7783013E-04	+1.2139154E-04
+2.8340000E+00	+2.7757798E-04	+1.2091161E-04
+2.8350000E+00	+2.7732737E-04	+1.2043314E-04
+2.8360000E+00	+2.7707830E-04	+1.1995611E-04
+2.8370000E+00	+2.7683074E-04	+1.1948052E-04
+2.8380000E+00	+2.7658470E-04	+1.1900635E-04
+2.8390000E+00	+2.7634016E-04	+1.1853359E-04
+2.8400000E+00	+2.7609712E-04	+1.1806222E-04
+2.8410000E+00	+2.7585556E-04	+1.1759223E-04
+2.8420000E+00	+2.7561547E-04	+1.1712361E-04
+2.8430000E+00	+2.7537685E-04	+1.1665635E-04
+2.8440000E+00	+2.7513969E-04	+1.1619043E-04
+2.8450000E+00	+2.7490397E-04	+1.1572585E-04
+2.8460000E+00	+2.7466969E-04	+1.1526258E-04
+2.8470000E+00	+2.7443684E-04	+1.1480063E-04
+2.8480000E+00	+2.7420541E-04	+1.1433996E-04
+2.8490000E+00	+2.7397539E-04	+1.1388059E-04
+2.8500000E+00	+2.7374677E-04	+1.1342248E-04
+2.8510000E+00	+2.7351954E-04	+1.1296564E-04
+2.8520000E+00	+2.7329370E-04	+1.1251004E-04
+2.8530000E+00	+2.7306923E-04	+1.1205568E-04
+2.8540000E+00	+2.7284614E-04	+1.1160255E-04
+2.8550000E+00	+2.7262440E-04	+1.1115063E-04
+2.8560000E+00	+2.7240401E-04	+1.1069992E-04
+2.8570000E+00	+2.7218496E-04	+1.1025040E-04
+2.8580000E+00	+2.7196725E-04	+1.0980206E-04
+2.8590000E+00	+2.7175086E-04	+1.0935489E-04
+2.8600000E+00	+2.7153578E-04	+1.0890887E-04
+2.8610000E+00	+2.7132202E-04	+1.0846401E-04
+2.8620000E+00	+2.7110956E-04	+1.0802029E-04
+2.8630000E+00	+2.7089839E-04	+1.0757769E-04
+2.8640000E+00	+2.7068851E-04	+1.0713621E-04
+2.8650000E+00	+2.7047990E-04	+1.0669584E-04
+2.8660000E+00	+2.7027256E-04	+1.0625656E-04
+2.8670000E+00	+2.7006648E-04	+1.0581836E-04
+2.8680000E+00	+2.6986166E-04	+1.0538125E-04
+2.8690000E+00	+2.6965808E-04	+1.0494519E-04
+2.8700000E+00	+2.6945574E-04	+1.0451020E-04
+2.8710000E+00	+2.6925464E-04	+1.0407624E-04
+2.8720000E+00	+2.6905475E-04	+1.0364333E-04
+2.8730000E+00	+2.6885608E-04	+1.0321144E-04
+2.8740000E+00	+2.6865862E-04	+1.0278056E-04
+2.8750000E+00	+2.6846236E-04	+1.0235069E-04
+2.8760000E+00	+2.6826730E-04	+1.0192182E-04
+2.8770000E+00	+2.6807342E-04	+1.0149393E-04
+2.8780000E+00	+2.6788072E-04	+1.0106702E-04
+2.8790000E+00	+2.6768919E-04	+1.0064108E-04
+2.8800000E+00	+2.6749883E-04	+1.0021609E-04
+2.8810000E+00	+2.6730962E-04	+9.9792057E-05
+2.8820000E+00	+2.6712157E-04	+9.9368962E-05
+2.8830000E+00	+2.6693466E-04	+9.8946798E-05
+2.8840000E+00	+2.6674888E-04	+9.8525556E-05
+2.8850000E+00	+2.6656424E-04	+9.8105226E-05
+2.8860000E+00	+2.6638072E-04	+9.7685800E-05
+2.8870000E+00	+2.6619832E-04	+9.7267269E-05
+2.8880000E+00	+2.6601703E-04	+9.6849623E-05
+2.8890000E+00	+2.6583684E-04	+9.6432855E-05
+2.8900000E+00	+2.6565775E-04	+9.6016956E-05
+2.8910000E+00	+2.6547974E-04	+9.5601916E-05
+2.8920000E+00	+2.6530282E-04	+9.5187727E-05
+2.8930000E+00	+2.6512698E-04	+9.4774382E-05
+2.8940000E+00	+2.6495221E-04	+9.4361870E-05
+2.8950000E+00	+2.6477850E-04	+9.3950184E-05
+2.8960000E+00	+2.6460585E-04	+9.3539316E-05
+2.8970000E+00	+2.6443425E-04	+9.3129257E-05
+2.8980000E+00	+2.6426370E-04	+9.2719999E-05
+2.8990000E+00	+2.6409419E-04	+9.2311533E-05
+2.9000000E+00	+2.6392570E-04	+9.1903852E-05
+2.9010000E+00	+2.6375825E-04	+9.1496948E-05
+2.9020000E+00	+2.6359181E-04	+9.1090812E-05
+2.9030000E+00	+2.6342639E-04	+9.0685437E-05
+2.9040000E+00	+2.6326198E-04	+9.0280814E-05
+2.9050000E+00	+2.6309856E-04	+8.9876936E-05
+2.9060000E+00	+2.6293615E-04	+8.9473795E-05
+2.9070000E+00	+2.6277472E-04	+8.9071383E-05
+2.9080000E+00	+2.6261428E-04	+8.8669692E-05
+2.9090000E+00	+2.6245482E-04	+8.8268716E-05
+2.9100000E+00	+2.6229632E-04	+8.7868445E-05
+2.9110000E+00	+2.6213880E-04	+8.7468873E-05
+2.9120000E+00	+2.6198224E-04	+8.7069991E-05
+2.9130000E+00	+2.6182663E-04	+8.6671794E-05
+2.9140000E+00	+2.6167197E-04	+8.6274272E-05
+2.9150000E+00	+2.6151825E-04	+8.5877419E-05
+2.9160000E+00	+2.6136547E-04	+8.5481228E-05
+2.9170000E+00	+2.6121362E-04	+8.5085691E-05
+2.9180000E+00	+2.6106270E-04	+8.4690800E-05
+2.9190000E+00	+2.6091270E-04	+8.4296549E-05
+2.9200000E+00	+2.6076362E-04	+8.3902931E-05
+2.9210000E+00	+2.6061545E-04	+8.3509938E-05
+2.9220000E+00	+2.6046818E-04	+8.3117563E-05
+2.9230000E+00	+2.6032181E-04	+8.2725799E-05
+2.9240000E+00	+2.6017633E-04	+8.2334640E-05
+2.9250000E+00	+2.6003174E-04	+8.1944078E-05
+2.9260000E+00	+2.5988804E-04	+8.1554107E-05
+2.9270000E+00	+2.5974521E-04	+8.1164719E-05
+2.9280000E+00	+2.5960325E-04	+8.0775907E-05
+2.9290000E+00	+2.5946217E-04	+8.0387666E-05
+2.9300000E+00	+2.5932194E-04	+7.9999988E-05
+2.9310000E+00	+2.5918257E-04	+7.9612866E-05
+2.9320000E+00	+2.5904405E-04	+7.9226294E-05
+2.9330000E+00	+2.5890638E-04	+7.8840266E-05
+2.9340000E+00	+2.5876955E-04	+7.8454774E-05
+2.9350000E+00	+2.5863355E-04	+7.8069811E-05
+2.9360000E+00	+2.5849839E-04	+7.7685373E-05
+2.9370000E+00	+2.5836405E-04	+7.7301451E-05
+2.9380000E+00	+2.5823053E-04	+7.6918040E-05
+2.9390000E+00	+2.5809783E-04	+7.6535134E-05
+2.9400000E+00	+2.5796593E-04	+7.6152725E-05
+2.9410000E+00	+2.5783485E-04	+7.5770807E-05
+2.9420000E+00	+2.5770456E-04	+7.5389375E-05
+2.9430000E+00	+2.5757507E-04	+7.5008421E-05
+2.9440000E+00	+2.5744638E-04	+7.4627940E-05
+2.9450000E+00	+2.5731846E-04	+7.4247926E-05
+2.9460000E+00	+2.5719133E-04	+7.3868372E-05
+2.9470000E+00	+2.5706498E-04	+7.3489272E-05
+2.9480000E+00	+2.5693940E-04	+7.3110620E-05
+2.9490000E+00	+2.5681458E-04	+7.2732410E-05
+2.9500000E+00	+2.5669053E-04	+7.2354637E-05
+2.9510000E+00	+2.5656723E-04	+7.1977293E-05
+2.9520000E+00	+2.5644468E-04	+7.1600373E-05
+2.9530000E+00	+2.5632289E-04	+7.1223871E-05
+2.9540000E+00	+2.5620184E-04	+7.0847781E-05
+2.9550000E+00	+2.5608152E-04	+7.0472097E-05
+2.9560000E+00	+2.5596194E-04	+7.0096814E-05
+2.9570000E+00	+2.5584309E-04	+6.9721926E-05
+2.9580000E+00	+2.5572496E-04	+6.9347426E-05
+2.9590000E+00	+2.5560756E-04	+6.8973309E-05
+2.9600000E+00	+2.5549087E-04	+6.8599570E-05
+2.9610000E+00	+2.5537489E-04	+6.8226202E-05
+2.9620000E+00	+2.5525961E-04	+6.7853200E-05
+2.9630000E+00	+2.5514504E-04	+6.7480558E-05
+2.9640000E+00	+2.5503117E-04	+6.7108271E-05
+2.9650000E+00	+2.5491798E-04	+6.6736333E-05
+2.9660000E+00	+2.5480549E-04	+6.6364738E-05
+2.9670000E+00	+2.5469368E-04	+6.5993481E-05
+2.9680000E+00	+2.5458255E-04	+6.5622557E-05
+2.9690000E+00	+2.5447210E-04	+6.5251960E-05
+2.9700000E+00	+2.5436231E-04	+6.4881684E-05
+2.9710000E+00	+2.5425320E-04	+6.4511724E-05
+2.9720000E+00	+2.5414474E-04	+6.4142075E-05
+2.9730000E+00	+2.5403694E-04	+6.3772732E-05
+2.9740000E+00	+2.5392980E-04	+6.3403688E-05
+2.9750000E+00	+2.5382330E-04	+6.3034938E-05
+2.9760000E+00	+2.5371745E-04	+6.2666479E-05
+2.9770000E+00	+2.5361224E-04	+6.2298303E-05
+2.9780000E+00	+2.5350767E-04	+6.1930405E-05
+2.9790000E+00	+2.5340372E-04	+6.1562782E-05
+2.9800000E+00	+2.5330041E-04	+6.1195426E-05
+2.9810000E+00	+2.5319771E-04	+6.0828334E-05
+2.9820000E+00	+2.5309564E-04	+6.0461500E-05
+2.9830000E+00	+2.5299418E-04	+6.0094919E-05
+2.9840000E+00	+2.5289334E-04	+5.9728585E-05
+2.9850000E+00	+2.5279309E-04	+5.9362494E-05
+2.9860000E+00	+2.5269345E-04	+5.8996641E-05
+2.9870000E+00	+2.5259441E-04	+5.8631020E-05
+2.9880000E+00	+2.5249597E-04	+5.8265626E-05
+2.9890000E+00	+2.5239811E-04	+5.7900455E-05
+2.9900000E+00	+2.5230084E-04	+5.7535502E-05
+2.9910000E+00	+2.5220414E-04	+5.7170761E-05
+2.9920000E+00	+2.5210803E-04	+5.6806228E-05
+2.9930000E+00	+2.5201249E-04	+5.6441897E-05
+2.9940000E+00	+2.5191752E-04	+5.6077765E-05
+2.9950000E+00	+2.5182311E-04	+5.5713825E-05
+2.9960000E+00	+2.5172927E-04	+5.5350073E-05
+2.9970000E+00	+2.5163598E-04	+5.4986505E-05
+2.9980000E+00	+2.5154325E-04	+5.4623115E-05
+2.9990000E+00	+2.5145106E-04	+5.4259899E-05
+3.0000000E+00	+2.5135942E-04	+5.3896851E-05
