+2.0000000E+00	-1.4700146E-04	-2.7674387E-04
+2.0010000E+00	-1.4779125E-04	-2.7715858E-04
+2.0020000E+00	-1.4858486E-04	-2.7757453E-04
+2.0030000E+00	-1.4938234E-04	-2.7799174E-04
+2.0040000E+00	-1.5018371E-04	-2.7841021E-04
+2.0050000E+00	-1.5098899E-04	-2.7882994E-04
+2.0060000E+00	-1.5179822E-04	-2.7925095E-04
+2.0070000E+00	-1.5261143E-04	-2.7967325E-04
+2.0080000E+00	-1.5342865E-04	-2.8009683E-04
+2.0090000E+00	-1.5424991E-04	-2.8052171E-04
+2.0100000E+00	-1.5507523E-04	-2.8094789E-04
+2.0110000E+00	-1.5590466E-04	-2.8137538E-04
+2.0120000E+00	-1.5673823E-04	-2.8180419E-04
+2.0130000E+00	-1.5757595E-04	-2.8223433E-04
+2.0140000E+00	-1.5841788E-04	-2.8266579E-04
+2.0150000E+00	-1.5926404E-04	-2.8309860E-04
+2.0160000E+00	-1.6011445E-04	-2.8353275E-04
+2.0170000E+00	-1.6096917E-04	-2.8396826E-04
+2.0180000E+00	-1.6182822E-04	-2.8440513E-04
+2.0190000E+00	-1.6269163E-04	-2.8484337E-04
+2.0200000E+00	-1.6355944E-04	-2.8528299E-04
+2.0210000E+00	-1.6443168E-04	-2.8572399E-04
+2.0220000E+00	-1.6530839E-04	-2.8616638E-04
+2.0230000E+00	-1.6618961E-04	-2.8661018E-04
+2.0240000E+00	-1.6707537E-04	-2.8705538E-04
+2.0250000E+00	-1.6796571E-04	-2.8750199E-04
+2.0260000E+00	-1.6886066E-04	-2.8795003E-04
+2.0270000E+00	-1.6976026E-04	-2.8839950E-04
+2.0280000E+00	-1.7066455E-04	-2.8885041E-04
+2.0290000E+00	-1.7157356E-04	-2.8930277E-04
+2.0300000E+00	-1.7248734E-04	-2.8975658E-04
+2.0310000E+00	-1.7340593E-04	-2.9021186E-04
+2.0320000E+00	-1.7432936E-04	-2.9066860E-04
+2.0330000E+00	-1.7525767E-04	-2.9112682E-04
+2.0340000E+00	-1.7619090E-04	-2.9158653E-04
+2.0350000E+00	-1.7712910E-04	-2.9204774E-04
+2.0360000E+00	-1.7807230E-04	-2.9251045E-04
+2.0370000E+00	-1.7902055E-04	-2.9297467E-04
+2.0380000E+00	-1.7997389E-04	-2.9344040E-04
+2.0390000E+00	-1.8093236E-04	-2.9390767E-04
+2.0400000E+00	-1.8189600E-04	-2.9437647E-04
+2.0410000E+00	-1.8286486E-04	-2.9484682E-04
+2.0420000E+00	-1.8383897E-04	-2.9531872E-04
+2.0430000E+00	-1.8481840E-04	-2.9579218E-04
+2.0440000E+00	-1.8580317E-04	-2.9626721E-04
+2.0450000E+00	-1.8679334E-04	-2.9674382E-04
+2.0460000E+00	-1.8778895E-04	-2.9722202E-04
+2.0470000E+00	-1.8879005E-04	-2.9770181E-04
+2.0480000E+00	-1.8979668E-04	-2.9818321E-04
+2.0490000E+00	-1.9080890E-04	-2.9866622E-04
+2.0500000E+00	-1.9182675E-04	-2.9915084E-04
+2.0510000E+00	-1.9285027E-04	-2.9963710E-04
+2.0520000E+00	-1.9387952E-04	-3.0012500E-04
+2.0530000E+00	-1.9491456E-04	-3.0061454E-04
+2.0540000E+00	-1.9595542E-04	-3.0110575E-04
+2.0550000E+00	-1.9700215E-04	-3.0159861E-04
+2.0560000E+00	-1.9805482E-04	-3.0209315E-04
+2.0570000E+00	-1.9911348E-04	-3.0258937E-04
+2.0580000E+00	-2.0017817E-04	-3.0308728E-04
+2.0590000E+00	-2.0124894E-04	-3.0358690E-04
+2.0600000E+00	-2.0232587E-04	-3.0408822E-04
+2.0610000E+00	-2.0340898E-04	-3.0459126E-04
+2.0620000E+00	-2.0449836E-04	-3.0509603E-04
+2.0630000E+00	-2.0559404E-04	-3.0560253E-04
+2.0640000E+00	-2.0669609E-04	-3.0611078E-04
+2.0650000E+00	-2.0780456E-04	-3.0662078E-04
+2.0660000E+00	-2.0891951E-04	-3.0713254E-04
+2.0670000E+00	-2.1004100E-04	-3.0764608E-04
+2.0680000E+00	-2.1116909E-04	-3.0816140E-04
+2.0690000E+00	-2.1230384E-04	-3.0867851E-04
+2.0700000E+00	-2.1344531E-04	-3.0919742E-04
+2.0710000E+00	-2.1459357E-04	-3.0971814E-04
+2.0720000E+00	-2.1574866E-04	-3.1024067E-04
+2.0730000E+00	-2.1691067E-04	-3.1076503E-04
+2.0740000E+00	-2.1807965E-04	-3.1129123E-04
+2.0750000E+00	-2.1925566E-04	-3.1181928E-04
+2.0760000E+00	-2.2043878E-04	-3.1234917E-04
+2.0770000E+00	-2.2162906E-04	-3.1288094E-04
+2.0780000E+00	-2.2282658E-04	-3.1341457E-04
+2.0790000E+00	-2.2403140E-04	-3.1395009E-04
+2.0800000E+00	-2.2524360E-04	-3.1448749E-04
+2.0810000E+00	-2.2646323E-04	-3.1502680E-04
+2.0820000E+00	-2.2769038E-04	-3.1556802E-04
+2.0830000E+00	-2.2892512E-04	-3.1611115E-04
+2.0840000E+00	-2.3016751E-04	-3.1665622E-04
+2.0850000E+00	-2.3141763E-04	-3.1720322E-04
+2.0860000E+00	-2.3267555E-04	-3.1775216E-04
+2.0870000E+00	-2.3394136E-04	-3.1830307E-04
+2.0880000E+00	-2.3521512E-04	-3.1885593E-04
+2.0890000E+00	-2.3649691E-04	-3.1941077E-04
+2.0900000E+00	-2.3778681E-04	-3.1996759E-04
+2.0910000E+00	-2.3908491E-04	-3.2052640E-04
+2.0920000E+00	-2.4039127E-04	-3.2108722E-04
+2.0930000E+00	-2.4170599E-04	-3.2165004E-04
+2.0940000E+00	-2.4302914E-04	-3.2221488E-04
+2.0950000E+00	-2.4436081E-04	-3.2278175E-04
+2.0960000E+00	-2.4570108E-04	-3.2335065E-04
+2.0970000E+00	-2.4705003E-04	-3.2392160E-04
+2.0980000E+00	-2.4840777E-04	-3.2449460E-04
+2.0990000E+00	-2.4977436E-04	-3.2506966E-04
+2.1000000E+00	-2.5114990E-04	-3.2564680E-04
+2.1010000E+00	-2.5253449E-04	-3.2622601E-04
+2.1020000E+00	-2.5392821E-04	-3.2680731E-04
+2.1030000E+00	-2.5533115E-04	-3.2739071E-04
+2.1040000E+00	-2.5674341E-04	-3.2797622E-04
+2.1050000E+00	-2.5816509E-04	-3.2856383E-04
+2.1060000E+00	-2.5959628E-04	-3.2915357E-04
+2.1070000E+00	-2.6103708E-04	-3.2974544E-04
+2.1080000E+00	-2.6248758E-04	-3.3033944E-04
+2.1090000E+00	-2.6394789E-04	-3.3093559E-04
+2.1100000E+00	-2.6541812E-04	-3.3153390E-04
+2.1110000E+00	-2.6689835E-04	-3.3213436E-04
+2.1120000E+00	-2.6838871E-04	-3.3273700E-04
+2.1130000E+00	-2.6988928E-04	-3.3334181E-04
+2.1140000E+00	-2.7140019E-04	-3.3394880E-04
+2.1150000E+00	-2.7292154E-04	-3.3455799E-04
+2.1160000E+00	-2.7445344E-04	-3.3516937E-04
+2.1170000E+00	-2.7599601E-04	-3.3578296E-04
+2.1180000E+00	-2.7754935E-04	-3.3639876E-04
+2.1190000E+00	-2.7911358E-04	-3.3701678E-04
+2.1200000E+00	-2.8068882E-04	-3.3763703E-04
+2.1210000E+00	-2.8227519E-04	-3.3825951E-04
+2.1220000E+00	-2.8387281E-04	-3.3888422E-04
+2.1230000E+00	-2.8548179E-04	-3.3951118E-04
+2.1240000E+00	-2.8710227E-04	-3.4014039E-04
+2.1250000E+00	-2.8873437E-04	-3.4077186E-04
+2.1260000E+00	-2.9037821E-04	-3.4140558E-04
+2.1270000E+00	-2.9203393E-04	-3.4204158E-04
+2.1280000E+00	-2.9370166E-04	-3.4267984E-04
+2.1290000E+00	-2.9538152E-04	-3.4332038E-04
+2.1300000E+00	-2.9707366E-04	-3.4396320E-04
+2.1310000E+00	-2.9877820E-04	-3.4460831E-04
+2.1320000E+00	-3.0049530E-04	-3.4525570E-04
+2.1330000E+00	-3.0222508E-04	-3.4590539E-04
+2.1340000E+00	-3.0396770E-04	-3.4655737E-04
+2.1350000E+00	-3.0572330E-04	-3.4721165E-04
+2.1360000E+00	-3.0749202E-04	-3.4786823E-04
+2.1370000E+00	-3.0927401E-04	-3.4852712E-04
+2.1380000E+00	-3.1106943E-04	-3.4918832E-04
+2.1390000E+00	-3.1287843E-04	-3.4985182E-04
+2.1400000E+00	-3.1470116E-04	-3.5051763E-04
+2.1410000E+00	-3.1653779E-04	-3.5118575E-04
+2.1420000E+00	-3.1838847E-04	-3.5185618E-04
+2.1430000E+00	-3.2025336E-04	-3.5252893E-04
+2.1440000E+00	-3.2213265E-04	-3.5320398E-04
+2.1450000E+00	-3.2402648E-04	-3.5388135E-04
+2.1460000E+00	-3.2593503E-04	-3.5456103E-04
+2.1470000E+00	-3.2785848E-04	-3.5524301E-04
+2.1480000E+00	-3.2979700E-04	-3.5592730E-04
+2.1490000E+00	-3.3175078E-04	-3.5661389E-04
+2.1500000E+00	-3.3371998E-04	-3.5730279E-04
+2.1510000E+00	-3.3570480E-04	-3.5799398E-04
+2.1520000E+00	-3.3770543E-04	-3.5868746E-04
+2.1530000E+00	-3.3972205E-04	-3.5938323E-04
+2.1540000E+00	-3.4175485E-04	-3.6008128E-04
+2.1550000E+00	-3.4380404E-04	-3.6078161E-04
+2.1560000E+00	-3.4586982E-04	-3.6148420E-04
+2.1570000E+00	-3.4795237E-04	-3.6218906E-04
+2.1580000E+00	-3.5005192E-04	-3.6289617E-04
+2.1590000E+00	-3.5216867E-04	-3.6360553E-04
+2.1600000E+00	-3.5430283E-04	-3.6431712E-04
+2.1610000E+00	-3.5645462E-04	-3.6503093E-04
+2.1620000E+00	-3.5862426E-04	-3.6574696E-04
+2.1630000E+00	-3.6081196E-04	-3.6646519E-04
+2.1640000E+00	-3.6301796E-04	-3.6718560E-04
+2.1650000E+00	-3.6524249E-04	-3.6790819E-04
+2.1660000E+00	-3.6748578E-04	-3.6863294E-04
+2.1670000E+00	-3.6974806E-04	-3.6935983E-04
+2.1680000E+00	-3.7202959E-04	-3.7008885E-04
+2.1690000E+00	-3.7433060E-04	-3.7081997E-04
+2.1700000E+00	-3.7665134E-04	-3.7155318E-04
+2.1710000E+00	-3.7899207E-04	-3.7228847E-04
+2.1720000E+00	-3.8135305E-04	-3.7302579E-04
+2.1730000E+00	-3.8373453E-04	-3.7376515E-04
+2.1740000E+00	-3.8613679E-04	-3.7450650E-04
+2.1750000E+00	-3.8856010E-04	-3.7524983E-04
+2.1760000E+00	-3.9100472E-04	-3.7599510E-04
+2.1770000E+00	-3.9347095E-04	-3.7674230E-04
+2.1780000E+00	-3.9595906E-04	-3.7749139E-04
+2.1790000E+00	-3.9846935E-04	-3.7824234E-04
+2.1800000E+00	-4.0100211E-04	-3.7899511E-04
+2.1810000E+00	-4.0355765E-04	-3.7974968E-04
+2.1820000E+00	-4.0613625E-04	-3.8050601E-04
+2.1830000E+00	-4.0873825E-04	-3.8126405E-04
+2.1840000E+00	-4.1136395E-04	-3.8202378E-04
+2.1850000E+00	-4.1401367E-04	-3.8278514E-04
+2.1860000E+00	-4.1668774E-04	-3.8354810E-04
+2.1870000E+00	-4.1938649E-04	-3.8431261E-04
+2.1880000E+00	-4.2211027E-04	-3.8507863E-04
+2.1890000E+00	-4.2485941E-04	-3.8584610E-04
+2.1900000E+00	-4.2763427E-04	-3.8661497E-04
+2.1910000E+00	-4.3043519E-04	-3.8738518E-04
+2.1920000E+00	-4.3326256E-04	-3.8815669E-04
+2.1930000E+00	-4.3611673E-04	-3.8892943E-04
+2.1940000E+00	-4.3899808E-04	-3.8970335E-04
+2.1950000E+00	-4.4190699E-04	-3.9047836E-04
+2.1960000E+00	-4.4484386E-04	-3.9125442E-04
+2.1970000E+00	-4.4780907E-04	-3.9203145E-04
+2.1980000E+00	-4.5080304E-04	-3.9280938E-04
+2.1990000E+00	-4.5382618E-04	-3.9358812E-04
+2.2000000E+00	-4.5687890E-04	-3.9436761E-04
+2.2010000E+00	-4.5996163E-04	-3.9514776E-04
+2.2020000E+00	-4.6307480E-04	-3.9592848E-04
+2.2030000E+00	-4.6621886E-04	-3.9670969E-04
+2.2040000E+00	-4.6939426E-04	-3.9749128E-04
+2.2050000E+00	-4.7260145E-04	-3.9827318E-04
+2.2060000E+00	-4.7584090E-04	-3.9905526E-04
+2.2070000E+00	-4.7911310E-04	-3.9983743E-04
+2.2080000E+00	-4.8241852E-04	-4.0061959E-04
+2.2090000E+00	-4.8575766E-04	-4.0140160E-04
+2.2100000E+00	-4.8913102E-04	-4.0218337E-04
+2.2110000E+00	-4.9253911E-04	-4.0296476E-04
+2.2120000E+00	-4.9598246E-04	-4.0374564E-04
+2.2130000E+00	-4.9946160E-04	-4.0452589E-04
+2.2140000E+00	-5.0297708E-04	-4.0530536E-04
+2.2150000E+00	-5.0652943E-04	-4.0608392E-04
+2.2160000E+00	-5.1011924E-04	-4.0686140E-04
+2.2170000E+00	-5.1374708E-04	-4.0763766E-04
+2.2180000E+00	-5.1741352E-04	-4.0841254E-04
+2.2190000E+00	-5.2111917E-04	-4.0918586E-04
+2.2200000E+00	-5.2486463E-04	-4.0995745E-04
+2.2210000E+00	-5.2865053E-04	-4.1072713E-04
+2.2220000E+00	-5.3247751E-04	-4.1149471E-04
+2.2230000E+00	-5.3634619E-04	-4.1226000E-04
+2.2240000E+00	-5.4025725E-04	-4.1302278E-04
+2.2250000E+00	-5.4421135E-04	-4.1378286E-04
+2.2260000E+00	-5.4820917E-04	-4.1454001E-04
+2.2270000E+00	-5.5225142E-04	-4.1529399E-04
+2.2280000E+00	-5.5633881E-04	-4.1604458E-04
+2.2290000E+00	-5.6047206E-04	-4.1679153E-04
+2.2300000E+00	-5.6465191E-04	-4.1753457E-04
+2.2310000E+00	-5.6887912E-04	-4.1827345E-04
+2.2320000E+00	-5.7315445E-04	-4.1900788E-04
+2.2330000E+00	-5.7747870E-04	-4.1973759E-04
+2.2340000E+00	-5.8185266E-04	-4.2046226E-04
+2.2350000E+00	-5.8627716E-04	-4.2118159E-04
+2.2360000E+00	-5.9075302E-04	-4.2189526E-04
+2.2370000E+00	-5.9528110E-04	-4.2260293E-04
+2.2380000E+00	-5.9986227E-04	-4.2330425E-04
+2.2390000E+00	-6.0449742E-04	-4.2399887E-04
+2.2400000E+00	-6.0918744E-04	-4.2468640E-04
+2.2410000E+00	-6.1393327E-04	-4.2536645E-04
+2.2420000E+00	-6.1873585E-04	-4.2603863E-04
+2.2430000E+00	-6.2359613E-04	-4.2670250E-04
+2.2440000E+00	-6.2851510E-04	-4.2735763E-04
+2.2450000E+00	-6.3349376E-04	-4.2800356E-04
+2.2460000E+00	-6.3853314E-04	-4.2863982E-04
+2.2470000E+00	-6.4363427E-04	-4.2926592E-04
+2.2480000E+00	-6.4879823E-04	-4.2988135E-04
+2.2490000E+00	-6.5402610E-04	-4.3048557E-04
+2.2500000E+00	-6.5931900E-04	-4.3107803E-04
+2.2510000E+00	-6.6467806E-04	-4.3165816E-04
+2.2520000E+00	-6.7010443E-04	-4.3222536E-04
+2.2530000E+00	-6.7559930E-04	-4.3277902E-04
+2.2540000E+00	-6.8116387E-04	-4.3331848E-04
+2.2550000E+00	-6.8679938E-04	-4.3384307E-04
+2.2560000E+00	-6.9250709E-04	-4.3435211E-04
+2.2570000E+00	-6.9828828E-04	-4.3484485E-04
+2.2580000E+00	-7.0414426E-04	-4.3532056E-04
+2.2590000E+00	-7.1007637E-04	-4.3577844E-04
+2.2600000E+00	-7.1608597E-04	-4.3621768E-04
+2.2610000E+00	-7.2217447E-04	-4.3663743E-04
+2.2620000E+00	-7.2834329E-04	-4.3703681E-04
+2.2630000E+00	-7.3459389E-04	-4.3741490E-04
+2.2640000E+00	-7.4092774E-04	-4.3777075E-04
+2.2650000E+00	-7.4734637E-04	-4.3810336E-04
+2.2660000E+00	-7.5385133E-04	-4.3841170E-04
+2.2670000E+00	-7.6044419E-04	-4.3869469E-04
+2.2680000E+00	-7.6712658E-04	-4.3895122E-04
+2.2690000E+00	-7.7390013E-04	-4.3918012E-04
+2.2700000E+00	-7.8076653E-04	-4.3938017E-04
+2.2710000E+00	-7.8772750E-04	-4.3955012E-04
+2.2720000E+00	-7.9478478E-04	-4.3968866E-04
+2.2730000E+00	-8.0194018E-04	-4.3979440E-04
+2.2740000E+00	-8.0919550E-04	-4.3986594E-04
+2.2750000E+00	-8.1655261E-04	-4.3990178E-04
+2.2760000E+00	-8.2401342E-04	-4.3990039E-04
+2.2770000E+00	-8.3157986E-04	-4.3986015E-04
+2.2780000E+00	-8.3925390E-04	-4.3977938E-04
+2.2790000E+00	-8.4703756E-04	-4.3965635E-04
+2.2800000E+00	-8.5493290E-04	-4.3948924E-04
+2.2810000E+00	-8.6294201E-04	-4.3927615E-04
+2.2820000E+00	-8.7106703E-04	-4.3901511E-04
+2.2830000E+00	-8.7931014E-04	-4.3870405E-04
+2.2840000E+00	-8.8767356E-04	-4.3834084E-04
+2.2850000E+00	-8.9615954E-04	-4.3792325E-04
+2.2860000E+00	-9.0477039E-04	-4.3744894E-04
+2.2870000E+00	-9.1350845E-04	-4.3691549E-04
+2.2880000E+00	-9.2237611E-04	-4.3632036E-04
+2.2890000E+00	-9.3137581E-04	-4.3566091E-04
+2.2900000E+00	-9.4051000E-04	-4.3493440E-04
+2.2910000E+00	-9.4978121E-04	-4.3413796E-04
+2.2920000E+00	-9.5919198E-04	-4.3326858E-04
+2.2930000E+00	-9.6874492E-04	-4.3232315E-04
+2.2940000E+00	-9.7844265E-04	-4.3129841E-04
+2.2950000E+00	-9.8828786E-04	-4.3019097E-04
+2.2960000E+00	-9.9828327E-04	-4.2899727E-04
+2.2970000E+00	-1.0084316E-03	-4.2771361E-04
+2.2980000E+00	-1.0187357E-03	-4.2633615E-04
+2.2990000E+00	-1.0291983E-03	-4.2486084E-04
+2.3000000E+00	-1.0398224E-03	-4.2328349E-04
+2.3010000E+00	-1.0506108E-03	-4.2159971E-04
+2.3020000E+00	-1.0615664E-03	-4.1980491E-04
+2.3030000E+00	-1.0726922E-03	-4.1789432E-04
+2.3040000E+00	-1.0839912E-03	-4.1586294E-04
+2.3050000E+00	-1.0954663E-03	-4.1370556E-04
+2.3060000E+00	-1.1071206E-03	-4.1141674E-04
+2.3070000E+00	-1.1189571E-03	-4.0899081E-04
+2.3080000E+00	-1.1309788E-03	-4.0642182E-04
+2.3090000E+00	-1.1431888E-03	-4.0370359E-04
+2.3100000E+00	-1.1555901E-03	-4.0082965E-04
+2.3110000E+00	-1.1681857E-03	-3.9779325E-04
+2.3120000E+00	-1.1809787E-03	-3.9458733E-04
+2.3130000E+00	-1.1939720E-03	-3.9120454E-04
+2.3140000E+00	-1.2071686E-03	-3.8763718E-04
+2.3150000E+00	-1.2205715E-03	-3.8387723E-04
+2.3160000E+00	-1.2341834E-03	-3.7991631E-04
+2.3170000E+00	-1.2480073E-03	-3.7574566E-04
+2.3180000E+00	-1.2620458E-03	-3.7135615E-04
+2.3190000E+00	-1.2763015E-03	-3.6673825E-04
+2.3200000E+00	-1.2907772E-03	-3.6188198E-04
+2.3210000E+00	-1.3054750E-03	-3.5677698E-04
+2.3220000E+00	-1.3203975E-03	-3.5141238E-04
+2.3230000E+00	-1.3355466E-03	-3.4577688E-04
+2.3240000E+00	-1.3509244E-03	-3.3985868E-04
+2.3250000E+00	-1.3665326E-03	-3.3364545E-04
+2.3260000E+00	-1.3823728E-03	-3.2712437E-04
+2.3270000E+00	-1.3984462E-03	-3.2028204E-04
+2.3280000E+00	-1.4147538E-03	-3.1310451E-04
+2.3290000E+00	-1.4312964E-03	-3.0557726E-04
+2.3300000E+00	-1.4480742E-03	-2.9768512E-04
+2.3310000E+00	-1.4650873E-03	-2.8941235E-04
+2.3320000E+00	-1.4823351E-03	-2.8074252E-04
+2.3330000E+00	-1.4998167E-03	-2.7165857E-04
+2.3340000E+00	-1.5175308E-03	-2.6214274E-04
+2.3350000E+00	-1.5354751E-03	-2.5217660E-04
+2.3360000E+00	-1.5536472E-03	-2.4174098E-04
+2.3370000E+00	-1.5720436E-03	-2.3081600E-04
+2.3380000E+00	-1.5906602E-03	-2.1938104E-04
+2.3390000E+00	-1.6094923E-03	-2.0741473E-04
+2.3400000E+00	-1.6285340E-03	-1.9489494E-04
+2.3410000E+00	-1.6477785E-03	-1.8179880E-04
+2.3420000E+00	-1.6672181E-03	-1.6810265E-04
+2.3430000E+00	-1.6868437E-03	-1.5378210E-04
+2.3440000E+00	-1.7066454E-03	-1.3881200E-04
+2.3450000E+00	-1.7266114E-03	-1.2316646E-04
+2.3460000E+00	-1.7467290E-03	-1.0681888E-04
+2.3470000E+00	-1.7669835E-03	-8.9741979E-05
+2.3480000E+00	-1.7873588E-03	-7.1907818E-05
+2.3490000E+00	-1.8078371E-03	-5.3287855E-05
+2.3500000E+00	-1.8283982E-03	-3.3852993E-05
+2.3510000E+00	-1.8490205E-03	-1.3573654E-05
+2.3520000E+00	-1.8696796E-03	+7.5801477E-06
+2.3530000E+00	-1.8903491E-03	+2.9638709E-05
+2.3540000E+00	-1.9110000E-03	+5.2632528E-05
+2.3550000E+00	-1.9316009E-03	+7.6592182E-05
+2.3560000E+00	-1.9521172E-03	+1.0154818E-04
+2.3570000E+00	-1.9725116E-03	+1.2753080E-04
+2.3580000E+00	-1.9927438E-03	+1.5456989E-04
+2.3590000E+00	-2.0127701E-03	+1.8269469E-04
+2.3600000E+00	-2.0325435E-03	+2.1193356E-04
+2.3610000E+00	-2.0520134E-03	+2.4231374E-04
+2.3620000E+00	-2.0711258E-03	+2.7386108E-04
+2.3630000E+00	-2.0898228E-03	+3.0659967E-04
+2.3640000E+00	-2.1080427E-03	+3.4055156E-04
+2.3650000E+00	-2.1257198E-03	+3.7573634E-04
+2.3660000E+00	-2.1427849E-03	+4.1217075E-04
+2.3670000E+00	-2.1591644E-03	+4.4986826E-04
+2.3680000E+00	-2.1747812E-03	+4.8883858E-04
+2.3690000E+00	-2.1895540E-03	+5.2908720E-04
+2.3700000E+00	-2.2033983E-03	+5.7061489E-04
+2.3710000E+00	-2.2162257E-03	+6.1341712E-04
+2.3720000E+00	-2.2279447E-03	+6.5748360E-04
+2.3730000E+00	-2.2384610E-03	+7.0279764E-04
+2.3740000E+00	-2.2476775E-03	+7.4933567E-04
+2.3750000E+00	-2.2554952E-03	+7.9706665E-04
+2.3760000E+00	-2.2618135E-03	+8.4595158E-04
+2.3770000E+00	-2.2665308E-03	+8.9594297E-04
+2.3780000E+00	-2.2695454E-03	+9.4698441E-04
+2.3790000E+00	-2.2707561E-03	+9.9901014E-04
+2.3800000E+00	-2.2700634E-03	+1.0519447E-03
+2.3810000E+00	-2.2673701E-03	+1.1057029E-03
+2.3820000E+00	-2.2625825E-03	+1.1601892E-03
+2.3830000E+00	-2.2556116E-03	+1.2152982E-03
+2.3840000E+00	-2.2463739E-03	+1.2709143E-03
+2.3850000E+00	-2.2347933E-03	+1.3269123E-03
+2.3860000E+00	-2.2208015E-03	+1.3831576E-03
+2.3870000E+00	-2.2043397E-03	+1.4395066E-03
+2.3880000E+00	-2.1853597E-03	+1.4958077E-03
+2.3890000E+00	-2.1638248E-03	+1.5519023E-03
+2.3900000E+00	-2.1397112E-03	+1.6076252E-03
+2.3910000E+00	-2.1130087E-03	+1.6628066E-03
+2.3920000E+00	-2.0837216E-03	+1.7172730E-03
+2.3930000E+00	-2.0518691E-03	+1.7708489E-03
+2.3940000E+00	-2.0174862E-03	+1.8233584E-03
+2.3950000E+00	-1.9806236E-03	+1.8746267E-03
+2.3960000E+00	-1.9413478E-03	+1.9244821E-03
+2.3970000E+00	-1.8997409E-03	+1.9727576E-03
+2.3980000E+00	-1.8559002E-03	+2.0192929E-03
+2.3990000E+00	-1.8099375E-03	+2.0639359E-03
+2.4000000E+00	-1.7619782E-03	+2.1065442E-03
+2.4010000E+00	-1.7121603E-03	+2.1469869E-03
+2.4020000E+00	-1.6606327E-03	+2.1851458E-03
+2.4030000E+00	-1.6075541E-03	+2.2209165E-03
+2.4040000E+00	-1.5530913E-03	+2.2542094E-03
+2.4050000E+00	-1.4974174E-03	+2.2849504E-03
+2.4060000E+00	-1.4407100E-03	+2.3130814E-03
+2.4070000E+00	-1.3831495E-03	+2.3385604E-03
+2.4080000E+00	-1.3249173E-03	+2.3613617E-03
+2.4090000E+00	-1.2661938E-03	+2.3814756E-03
+2.4100000E+00	-1.2071572E-03	+2.3989078E-03
+2.4110000E+00	-1.1479813E-03	+2.4136791E-03
+2.4120000E+00	-1.0888347E-03	+2.4258240E-03
+2.4130000E+00	-1.0298790E-03	+2.4353903E-03
+2.4140000E+00	-9.7126805E-04	+2.4424377E-03
+2.4150000E+00	-9.1314676E-04	+2.4470368E-03
+2.4160000E+00	-8.5565048E-04	+2.4492675E-03
+2.4170000E+00	-7.9890436E-04	+2.4492181E-03
+2.4180000E+00	-7.4302296E-04	+2.4469839E-03
+2.4190000E+00	-6.8811001E-04	+2.4426657E-03
+2.4200000E+00	-6.3425832E-04	+2.4363688E-03
+2.4210000E+00	-5.8154983E-04	+2.4282019E-03
+2.4220000E+00	-5.3005579E-04	+2.4182757E-03
+2.4230000E+00	-4.7983706E-04	+2.4067020E-03
+2.4240000E+00	-4.3094451E-04	+2.3935926E-03
+2.4250000E+00	-3.8341942E-04	+2.3790588E-03
+2.4260000E+00	-3.3729407E-04	+2.3632102E-03
+2.4270000E+00	-2.9259224E-04	+2.3461545E-03
+2.4280000E+00	-2.4932986E-04	+2.3279963E-03
+2.4290000E+00	-2.0751558E-04	+2.3088373E-03
+2.4300000E+00	-1.6715142E-04	+2.2887754E-03
+2.4310000E+00	-1.2823338E-04	+2.2679046E-03
+2.4320000E+00	-9.0752042E-05	+2.2463147E-03
+2.4330000E+00	-5.4693159E-05	+2.2240913E-03
+2.4340000E+00	-2.0038230E-05	+2.2013154E-03
+2.4350000E+00	+1.3234963E-05	+2.1780634E-03
+2.4360000E+00	+4.5151851E-05	+2.1544074E-03
+2.4370000E+00	+7.5740593E-05	+2.1304149E-03
+2.4380000E+00	+1.0503164E-04	+2.1061488E-03
+2.4390000E+00	+1.3305733E-04	+2.0816680E-03
+2.4400000E+00	+1.5985149E-04	+2.0570270E-03
+2.4410000E+00	+1.8544914E-04	+2.0322762E-03
+2.4420000E+00	+2.0988614E-04	+2.0074622E-03
+2.4430000E+00	+2.3319893E-04	+1.9826278E-03
+2.4440000E+00	+2.5542431E-04	+1.9578123E-03
+2.4450000E+00	+2.7659918E-04	+1.9330514E-03
+2.4460000E+00	+2.9676036E-04	+1.9083779E-03
+2.4470000E+00	+3.1594445E-04	+1.8838213E-03
+2.4480000E+00	+3.3418766E-04	+1.8594084E-03
+2.4490000E+00	+3.5152567E-04	+1.8351633E-03
+2.4500000E+00	+3.6799357E-04	+1.8111077E-03
+2.4510000E+00	+3.8362574E-04	+1.7872608E-03
+2.4520000E+00	+3.9845578E-04	+1.7636397E-03
+2.4530000E+00	+4.1251644E-04	+1.7402595E-03
+2.4540000E+00	+4.2583963E-04	+1.7171335E-03
+2.4550000E+00	+4.3845631E-04	+1.6942732E-03
+2.4560000E+00	+4.5039650E-04	+1.6716885E-03
+2.4570000E+00	+4.6168928E-04	+1.6493879E-03
+2.4580000E+00	+4.7236275E-04	+1.6273786E-03
+2.4590000E+00	+4.8244404E-04	+1.6056664E-03
+2.4600000E+00	+4.9195930E-04	+1.5842562E-03
+2.4610000E+00	+5.0093373E-04	+1.5631516E-03
+2.4620000E+00	+5.0939158E-04	+1.5423555E-03
+2.4630000E+00	+5.1735616E-04	+1.5218699E-03
+2.4640000E+00	+5.2484986E-04	+1.5016959E-03
+2.4650000E+00	+5.3189417E-04	+1.4818340E-03
+2.4660000E+00	+5.3850972E-04	+1.4622842E-03
+2.4670000E+00	+5.4471626E-04	+1.4430457E-03
+2.4680000E+00	+5.5053272E-04	+1.4241172E-03
+2.4690000E+00	+5.5597724E-04	+1.4054972E-03
+2.4700000E+00	+5.6106717E-04	+1.3871835E-03
+2.4710000E+00	+5.6581911E-04	+1.3691738E-03
+2.4720000E+00	+5.7024893E-04	+1.3514652E-03
+2.4730000E+00	+5.7437182E-04	+1.3340547E-03
+2.4740000E+00	+5.7820226E-04	+1.3169392E-03
+2.4750000E+00	+5.8175413E-04	+1.3001149E-03
+2.4760000E+00	+5.8504065E-04	+1.2835784E-03
+2.4770000E+00	+5.8807445E-04	+1.2673256E-03
+2.4780000E+00	+5.9086760E-04	+1.2513528E-03
+2.4790000E+00	+5.9343162E-04	+1.2356557E-03
+2.4800000E+00	+5.9577750E-04	+1.2202303E-03
+2.4810000E+00	+5.9791571E-04	+1.2050722E-03
+2.4820000E+00	+5.9985627E-04	+1.1901772E-03
+2.4830000E+00	+6.0160872E-04	+1.1755409E-03
+2.4840000E+00	+6.0318216E-04	+1.1611589E-03
+2.4850000E+00	+6.0458526E-04	+1.1470268E-03
+2.4860000E+00	+6.0582633E-04	+1.1331403E-03
+2.4870000E+00	+6.0691324E-04	+1.1194950E-03
+2.4880000E+00	+6.0785352E-04	+1.1060864E-03
+2.4890000E+00	+6.0865437E-04	+1.0929102E-03
+2.4900000E+00	+6.0932263E-04	+1.0799621E-03
+2.4910000E+00	+6.0986482E-04	+1.0672377E-03
+2.4920000E+00	+6.1028716E-04	+1.0547328E-03
+2.4930000E+00	+6.1059561E-04	+1.0424432E-03
+2.4940000E+00	+6.1079580E-04	+1.0303647E-03
+2.4950000E+00	+6.1089315E-04	+1.0184932E-03
+2.4960000E+00	+6.1089279E-04	+1.0068246E-03
+2.4970000E+00	+6.1079964E-04	+9.9535493E-04
+2.4980000E+00	+6.1061836E-04	+9.8408020E-04
+2.4990000E+00	+6.1035343E-04	+9.7299653E-04
+2.5000000E+00	+6.1000908E-04	+9.6210010E-04
+2.5010000E+00	+6.0958939E-04	+9.5138714E-04
+2.5020000E+00	+6.0909822E-04	+9.4085395E-04
+2.5030000E+00	+6.0853925E-04	+9.3049691E-04
+2.5040000E+00	+6.0791602E-04	+9.2031244E-04
+2.5050000E+00	+6.0723186E-04	+9.1029704E-04
+2.5060000E+00	+6.0648998E-04	+9.0044728E-04
+2.5070000E+00	+6.0569344E-04	+8.9075979E-04
+2.5080000E+00	+6.0484515E-04	+8.8123127E-04
+2.5090000E+00	+6.0394788E-04	+8.7185847E-04
+2.5100000E+00	+6.0300428E-04	+8.6263824E-04
+2.5110000E+00	+6.0201688E-04	+8.5356746E-04
+2.5120000E+00	+6.0098809E-04	+8.4464309E-04
+2.5130000E+00	+5.9992021E-04	+8.3586216E-04
+2.5140000E+00	+5.9881544E-04	+8.2722174E-04
+2.5150000E+00	+5.9767587E-04	+8.1871899E-04
+2.5160000E+00	+5.9650349E-04	+8.1035111E-04
+2.5170000E+00	+5.9530022E-04	+8.0211538E-04
+2.5180000E+00	+5.9406786E-04	+7.9400911E-04
+2.5190000E+00	+5.9280817E-04	+7.8602970E-04
+2.5200000E+00	+5.9152278E-04	+7.7817459E-04
+2.5210000E+00	+5.9021329E-04	+7.7044128E-04
+2.5220000E+00	+5.8888119E-04	+7.6282733E-04
+2.5230000E+00	+5.8752793E-04	+7.5533033E-04
+2.5240000E+00	+5.8615488E-04	+7.4794797E-04
+2.5250000E+00	+5.8476335E-04	+7.4067795E-04
+2.5260000E+00	+5.8335460E-04	+7.3351803E-04
+2.5270000E+00	+5.8192980E-04	+7.2646604E-04
+2.5280000E+00	+5.8049010E-04	+7.1951984E-04
+2.5290000E+00	+5.7903659E-04	+7.1267734E-04
+2.5300000E+00	+5.7757031E-04	+7.0593651E-04
+2.5310000E+00	+5.7609224E-04	+6.9929535E-04
+2.5320000E+00	+5.7460332E-04	+6.9275191E-04
+2.5330000E+00	+5.7310445E-04	+6.8630429E-04
+2.5340000E+00	+5.7159650E-04	+6.7995062E-04
+2.5350000E+00	+5.7008029E-04	+6.7368909E-04
+2.5360000E+00	+5.6855659E-04	+6.6751792E-04
+2.5370000E+00	+5.6702615E-04	+6.6143537E-04
+2.5380000E+00	+5.6548968E-04	+6.5543974E-04
+2.5390000E+00	+5.6394786E-04	+6.4952937E-04
+2.5400000E+00	+5.6240134E-04	+6.4370263E-04
+2.5410000E+00	+5.6085074E-04	+6.3795795E-04
+2.5420000E+00	+5.5929663E-04	+6.3229376E-04
+2.5430000E+00	+5.5773959E-04	+6.2670856E-04
+2.5440000E+00	+5.5618014E-04	+6.2120085E-04
+2.5450000E+00	+5.5461881E-04	+6.1576919E-04
+2.5460000E+00	+5.5305606E-04	+6.1041217E-04
+2.5470000E+00	+5.5149237E-04	+6.0512839E-04
+2.5480000E+00	+5.4992818E-04	+5.9991650E-04
+2.5490000E+00	+5.4836390E-04	+5.9477517E-04
+2.5500000E+00	+5.4679994E-04	+5.8970312E-04
+2.5510000E+00	+5.4523668E-04	+5.8469907E-04
+2.5520000E+00	+5.4367447E-04	+5.7976178E-04
+2.5530000E+00	+5.4211367E-04	+5.7489005E-04
+2.5540000E+00	+5.4055461E-04	+5.7008268E-04
+2.5550000E+00	+5.3899758E-04	+5.6533852E-04
+2.5560000E+00	+5.3744290E-04	+5.6065644E-04
+2.5570000E+00	+5.3589085E-04	+5.5603532E-04
+2.5580000E+00	+5.3434169E-04	+5.5147408E-04
+2.5590000E+00	+5.3279567E-04	+5.4697165E-04
+2.5600000E+00	+5.3125305E-04	+5.4252701E-04
+2.5610000E+00	+5.2971404E-04	+5.3813912E-04
+2.5620000E+00	+5.2817888E-04	+5.3380701E-04
+2.5630000E+00	+5.2664776E-04	+5.2952968E-04
+2.5640000E+00	+5.2512088E-04	+5.2530620E-04
+2.5650000E+00	+5.2359843E-04	+5.2113562E-04
+2.5660000E+00	+5.2208058E-04	+5.1701704E-04
+2.5670000E+00	+5.2056750E-04	+5.1294956E-04
+2.5680000E+00	+5.1905935E-04	+5.0893231E-04
+2.5690000E+00	+5.1755627E-04	+5.0496443E-04
+2.5700000E+00	+5.1605842E-04	+5.0104508E-04
+2.5710000E+00	+5.1456591E-04	+4.9717344E-04
+2.5720000E+00	+5.1307888E-04	+4.9334871E-04
+2.5730000E+00	+5.1159745E-04	+4.8957010E-04
+2.5740000E+00	+5.1012172E-04	+4.8583685E-04
+2.5750000E+00	+5.0865180E-04	+4.8214818E-04
+2.5760000E+00	+5.0718779E-04	+4.7850337E-04
+2.5770000E+00	+5.0572978E-04	+4.7490169E-04
+2.5780000E+00	+5.0427786E-04	+4.7134243E-04
+2.5790000E+00	+5.0283210E-04	+4.6782490E-04
+2.5800000E+00	+5.0139259E-04	+4.6434841E-04
+2.5810000E+00	+4.9995939E-04	+4.6091230E-04
+2.5820000E+00	+4.9853258E-04	+4.5751591E-04
+2.5830000E+00	+4.9711220E-04	+4.5415861E-04
+2.5840000E+00	+4.9569832E-04	+4.5083976E-04
+2.5850000E+00	+4.9429099E-04	+4.4755874E-04
+2.5860000E+00	+4.9289026E-04	+4.4431496E-04
+2.5870000E+00	+4.9149617E-04	+4.4110783E-04
+2.5880000E+00	+4.9010876E-04	+4.3793675E-04
+2.5890000E+00	+4.8872807E-04	+4.3480117E-04
+2.5900000E+00	+4.8735413E-04	+4.3170053E-04
+2.5910000E+00	+4.8598698E-04	+4.2863428E-04
+2.5920000E+00	+4.8462664E-04	+4.2560188E-04
+2.5930000E+00	+4.8327313E-04	+4.2260282E-04
+2.5940000E+00	+4.8192648E-04	+4.1963656E-04
+2.5950000E+00	+4.8058671E-04	+4.1670261E-04
+2.5960000E+00	+4.7925382E-04	+4.1380048E-04
+2.5970000E+00	+4.7792784E-04	+4.1092967E-04
+2.5980000E+00	+4.7660878E-04	+4.0808970E-04
+2.5990000E+00	+4.7529664E-04	+4.0528012E-04
+2.6000000E+00	+4.7399143E-04	+4.0250045E-04
+2.6010000E+00	+4.7269316E-04	+3.9975025E-04
+2.6020000E+00	+4.7140183E-04	+3.9702908E-04
+2.6030000E+00	+4.7011743E-04	+3.9433650E-04
+2.6040000E+00	+4.6883998E-04	+3.9167209E-04
+2.6050000E+00	+4.6756946E-04	+3.8903543E-04
+2.6060000E+00	+4.6630587E-04	+3.8642610E-04
+2.6070000E+00	+4.6504921E-04	+3.8384370E-04
+2.6080000E+00	+4.6379947E-04	+3.8128784E-04
+2.6090000E+00	+4.6255664E-04	+3.7875813E-04
+2.6100000E+00	+4.6132070E-04	+3.7625419E-04
+2.6110000E+00	+4.6009166E-04	+3.7377564E-04
+2.6120000E+00	+4.5886949E-04	+3.7132212E-04
+2.6130000E+00	+4.5765418E-04	+3.6889326E-04
+2.6140000E+00	+4.5644572E-04	+3.6648871E-04
+2.6150000E+00	+4.5524409E-04	+3.6410812E-04
+2.6160000E+00	+4.5404927E-04	+3.6175115E-04
+2.6170000E+00	+4.5286125E-04	+3.5941746E-04
+2.6180000E+00	+4.5168001E-04	+3.5710672E-04
+2.6190000E+00	+4.5050552E-04	+3.5481861E-04
+2.6200000E+00	+4.4933777E-04	+3.5255280E-04
+2.6210000E+00	+4.4817673E-04	+3.5030899E-04
+2.6220000E+00	+4.4702239E-04	+3.4808687E-04
+2.6230000E+00	+4.4587472E-04	+3.4588613E-04
+2.6240000E+00	+4.4473369E-04	+3.4370647E-04
+2.6250000E+00	+4.4359929E-04	+3.4154761E-04
+2.6260000E+00	+4.4247149E-04	+3.3940926E-04
+2.6270000E+00	+4.4135026E-04	+3.3729113E-04
+2.6280000E+00	+4.4023558E-04	+3.3519295E-04
+2.6290000E+00	+4.3912742E-04	+3.3311443E-04
+2.6300000E+00	+4.3802575E-04	+3.3105533E-04
+2.6310000E+00	+4.3693055E-04	+3.2901536E-04
+2.6320000E+00	+4.3584179E-04	+3.2699428E-04
+2.6330000E+00	+4.3475944E-04	+3.2499182E-04
+2.6340000E+00	+4.3368348E-04	+3.2300773E-04
+2.6350000E+00	+4.3261387E-04	+3.2104177E-04
+2.6360000E+00	+4.3155059E-04	+3.1909370E-04
+2.6370000E+00	+4.3049360E-04	+3.1716328E-04
+2.6380000E+00	+4.2944289E-04	+3.1525026E-04
+2.6390000E+00	+4.2839841E-04	+3.1335443E-04
+2.6400000E+00	+4.2736013E-04	+3.1147554E-04
+2.6410000E+00	+4.2632804E-04	+3.0961339E-04
+2.6420000E+00	+4.2530209E-04	+3.0776774E-04
+2.6430000E+00	+4.2428226E-04	+3.0593839E-04
+2.6440000E+00	+4.2326852E-04	+3.0412511E-04
+2.6450000E+00	+4.2226083E-04	+3.0232770E-04
+2.6460000E+00	+4.2125916E-04	+3.0054596E-04
+2.6470000E+00	+4.2026349E-04	+2.9877967E-04
+2.6480000E+00	+4.1927378E-04	+2.9702864E-04
+2.6490000E+00	+4.1829000E-04	+2.9529268E-04
+2.6500000E+00	+4.1731211E-04	+2.9357158E-04
+2.6510000E+00	+4.1634010E-04	+2.9186515E-04
+2.6520000E+00	+4.1537391E-04	+2.9017322E-04
+2.6530000E+00	+4.1441354E-04	+2.8849559E-04
+2.6540000E+00	+4.1345893E-04	+2.8683209E-04
+2.6550000E+00	+4.1251007E-04	+2.8518252E-04
+2.6560000E+00	+4.1156691E-04	+2.8354672E-04
+2.6570000E+00	+4.1062943E-04	+2.8192451E-04
+2.6580000E+00	+4.0969759E-04	+2.8031572E-04
+2.6590000E+00	+4.0877137E-04	+2.7872019E-04
+2.6600000E+00	+4.0785073E-04	+2.7713773E-04
+2.6610000E+00	+4.0693563E-04	+2.7556820E-04
+2.6620000E+00	+4.0602606E-04	+2.7401143E-04
+2.6630000E+00	+4.0512197E-04	+2.7246726E-04
+2.6640000E+00	+4.0422333E-04	+2.7093554E-04
+2.6650000E+00	+4.0333012E-04	+2.6941610E-04
+2.6660000E+00	+4.0244229E-04	+2.6790880E-04
+2.6670000E+00	+4.0155983E-04	+2.6641349E-04
+2.6680000E+00	+4.0068269E-04	+2.6493002E-04
+2.6690000E+00	+3.9981085E-04	+2.6345824E-04
+2.6700000E+00	+3.9894427E-04	+2.6199802E-04
+2.6710000E+00	+3.9808293E-04	+2.6054920E-04
+2.6720000E+00	+3.9722679E-04	+2.5911166E-04
+2.6730000E+00	+3.9637582E-04	+2.5768524E-04
+2.6740000E+00	+3.9552998E-04	+2.5626983E-04
+2.6750000E+00	+3.9468926E-04	+2.5486528E-04
+2.6760000E+00	+3.9385361E-04	+2.5347146E-04
+2.6770000E+00	+3.9302301E-04	+2.5208825E-04
+2.6780000E+00	+3.9219743E-04	+2.5071551E-04
+2.6790000E+00	+3.9137683E-04	+2.4935312E-04
+2.6800000E+00	+3.9056118E-04	+2.4800095E-04
+2.6810000E+00	+3.8975046E-04	+2.4665889E-04
+2.6820000E+00	+3.8894463E-04	+2.4532681E-04
+2.6830000E+00	+3.8814366E-04	+2.4400458E-04
+2.6840000E+00	+3.8734753E-04	+2.4269211E-04
+2.6850000E+00	+3.8655620E-04	+2.4138926E-04
+2.6860000E+00	+3.8576964E-04	+2.4009592E-04
+2.6870000E+00	+3.8498783E-04	+2.3881198E-04
+2.6880000E+00	+3.8421072E-04	+2.3753734E-04
+2.6890000E+00	+3.8343830E-04	+2.3627187E-04
+2.6900000E+00	+3.8267054E-04	+2.3501547E-04
+2.6910000E+00	+3.8190740E-04	+2.3376804E-04
+2.6920000E+00	+3.8114885E-04	+2.3252946E-04
+2.6930000E+00	+3.8039487E-04	+2.3129964E-04
+2.6940000E+00	+3.7964542E-04	+2.3007847E-04
+2.6950000E+00	+3.7890049E-04	+2.2886585E-04
+2.6960000E+00	+3.7816003E-04	+2.2766168E-04
+2.6970000E+00	+3.7742402E-04	+2.2646587E-04
+2.6980000E+00	+3.7669243E-04	+2.2527830E-04
+2.6990000E+00	+3.7596523E-04	+2.2409890E-04
+2.7000000E+00	+3.7524240E-04	+2.2292755E-04
+2.7010000E+00	+3.7452390E-04	+2.2176418E-04
+2.7020000E+00	+3.7380971E-04	+2.2060868E-04
+2.7030000E+00	+3.7309980E-04	+2.1946097E-04
+2.7040000E+00	+3.7239415E-04	+2.1832095E-04
+2.7050000E+00	+3.7169271E-04	+2.1718854E-04
+2.7060000E+00	+3.7099547E-04	+2.1606365E-04
+2.7070000E+00	+3.7030240E-04	+2.1494619E-04
+2.7080000E+00	+3.6961347E-04	+2.1383608E-04
+2.7090000E+00	+3.6892866E-04	+2.1273323E-04
+2.7100000E+00	+3.6824793E-04	+2.1163755E-04
+2.7110000E+00	+3.6757126E-04	+2.1054898E-04
+2.7120000E+00	+3.6689862E-04	+2.0946741E-04
+2.7130000E+00	+3.6622998E-04	+2.0839278E-04
+2.7140000E+00	+3.6556533E-04	+2.0732501E-04
+2.7150000E+00	+3.6490462E-04	+2.0626401E-04
+2.7160000E+00	+3.6424784E-04	+2.0520971E-04
+2.7170000E+00	+3.6359496E-04	+2.0416204E-04
+2.7180000E+00	+3.6294595E-04	+2.0312091E-04
+2.7190000E+00	+3.6230079E-04	+2.0208625E-04
+2.7200000E+00	+3.6165945E-04	+2.0105800E-04
+2.7210000E+00	+3.6102190E-04	+2.0003607E-04
+2.7220000E+00	+3.6038811E-04	+1.9902039E-04
+2.7230000E+00	+3.5975807E-04	+1.9801090E-04
+2.7240000E+00	+3.5913175E-04	+1.9700752E-04
+2.7250000E+00	+3.5850912E-04	+1.9601018E-04
+2.7260000E+00	+3.5789015E-04	+1.9501882E-04
+2.7270000E+00	+3.5727482E-04	+1.9403337E-04
+2.7280000E+00	+3.5666311E-04	+1.9305375E-04
+2.7290000E+00	+3.5605498E-04	+1.9207992E-04
+2.7300000E+00	+3.5545042E-04	+1.9111179E-04
+2.7310000E+00	+3.5484940E-04	+1.9014931E-04
+2.7320000E+00	+3.5425190E-04	+1.8919241E-04
+2.7330000E+00	+3.5365788E-04	+1.8824103E-04
+2.7340000E+00	+3.5306733E-04	+1.8729511E-04
+2.7350000E+00	+3.5248022E-04	+1.8635458E-04
+2.7360000E+00	+3.5189653E-04	+1.8541939E-04
+2.7370000E+00	+3.5131623E-04	+1.8448947E-04
+2.7380000E+00	+3.5073929E-04	+1.8356476E-04
+2.7390000E+00	+3.5016570E-04	+1.8264522E-04
+2.7400000E+00	+3.4959543E-04	+1.8173077E-04
+2.7410000E+00	+3.4902845E-04	+1.8082136E-04
+2.7420000E+00	+3.4846475E-04	+1.7991694E-04
+2.7430000E+00	+3.4790429E-04	+1.7901745E-04
+2.7440000E+00	+3.4734706E-04	+1.7812283E-04
+2.7450000E+00	+3.4679302E-04	+1.7723304E-04
+2.7460000E+00	+3.4624217E-04	+1.7634801E-04
+2.7470000E+00	+3.4569447E-04	+1.7546769E-04
+2.7480000E+00	+3.4514989E-04	+1.7459203E-04
+2.7490000E+00	+3.4460843E-04	+1.7372098E-04
+2.7500000E+00	+3.4407005E-04	+1.7285448E-04
+2.7510000E+00	+3.4353473E-04	+1.7199249E-04
+2.7520000E+00	+3.4300245E-04	+1.7113495E-04
+2.7530000E+00	+3.4247318E-04	+1.7028182E-04
+2.7540000E+00	+3.4194690E-04	+1.6943305E-04
+2.7550000E+00	+3.4142360E-04	+1.6858859E-04
+2.7560000E+00	+3.4090324E-04	+1.6774838E-04
+2.7570000E+00	+3.4038581E-04	+1.6691238E-04
+2.7580000E+00	+3.3987128E-04	+1.6608056E-04
+2.7590000E+00	+3.3935962E-04	+1.6525285E-04
+2.7600000E+00	+3.3885083E-04	+1.6442921E-04
+2.7610000E+00	+3.3834487E-04	+1.6360960E-04
+2.7620000E+00	+3.3784172E-04	+1.6279398E-04
+2.7630000E+00	+3.3734136E-04	+1.6198229E-04
+2.7640000E+00	+3.3684378E-04	+1.6117450E-04
+2.7650000E+00	+3.3634894E-04	+1.6037056E-04
+2.7660000E+00	+3.3585682E-04	+1.5957043E-04
+2.7670000E+00	+3.3536741E-04	+1.5877406E-04
+2.7680000E+00	+3.3488068E-04	+1.5798142E-04
+2.7690000E+00	+3.3439661E-04	+1.5719247E-04
+2.7700000E+00	+3.3391518E-04	+1.5640716E-04
+2.7710000E+00	+3.3343637E-04	+1.5562545E-04
+2.7720000E+00	+3.3296015E-04	+1.5484730E-04
+2.7730000E+00	+3.3248651E-04	+1.5407268E-04
+2.7740000E+00	+3.3201542E-04	+1.5330154E-04
+2.7750000E+00	+3.3154686E-04	+1.5253385E-04
+2.7760000E+00	+3.3108081E-04	+1.5176957E-04
+2.7770000E+00	+3.3061726E-04	+1.5100865E-04
+2.7780000E+00	+3.3015617E-04	+1.5025107E-04
+2.7790000E+00	+3.2969754E-04	+1.4949679E-04
+2.7800000E+00	+3.2924133E-04	+1.4874576E-04
+2.7810000E+00	+3.2878752E-04	+1.4799797E-04
+2.7820000E+00	+3.2833611E-04	+1.4725335E-04
+2.7830000E+00	+3.2788706E-04	+1.4651190E-04
+2.7840000E+00	+3.2744035E-04	+1.4577356E-04
+2.7850000E+00	+3.2699598E-04	+1.4503831E-04
+2.7860000E+00	+3.2655390E-04	+1.4430611E-04
+2.7870000E+00	+3.2611411E-04	+1.4357692E-04
+2.7880000E+00	+3.2567658E-04	+1.4285073E-04
+2.7890000E+00	+3.2524130E-04	+1.4212748E-04
+2.7900000E+00	+3.2480825E-04	+1.4140715E-04
+2.7910000E+00	+3.2437739E-04	+1.4068971E-04
+2.7920000E+00	+3.2394872E-04	+1.3997513E-04
+2.7930000E+00	+3.2352222E-04	+1.3926337E-04
+2.7940000E+00	+3.2309786E-04	+1.3855441E-04
+2.7950000E+00	+3.2267562E-04	+1.3784821E-04
+2.7960000E+00	+3.2225549E-04	+1.3714475E-04
+2.7970000E+00	+3.2183744E-04	+1.3644399E-04
+2.7980000E+00	+3.2142146E-04	+1.3574591E-04
+2.7990000E+00	+3.2100753E-04	+1.3505047E-04
+2.8000000E+00	+3.2059562E-04	+1.3435765E-04
+2.8010000E+00	+3.2018572E-04	+1.3366742E-04
+2.8020000E+00	+3.1977781E-04	+1.3297975E-04
+2.8030000E+00	+3.1937187E-04	+1.3229462E-04
+2.8040000E+00	+3.1896788E-04	+1.3161199E-04
+2.8050000E+00	+3.1856582E-04	+1.3093185E-04
+2.8060000E+00	+3.1816568E-04	+1.3025415E-04
+2.8070000E+00	+3.1776742E-04	+1.2957889E-04
+2.8080000E+00	+3.1737104E-04	+1.2890603E-04
+2.8090000E+00	+3.1697652E-04	+1.2823554E-04
+2.8100000E+00	+3.1658383E-04	+1.2756740E-04
+2.8110000E+00	+3.1619297E-04	+1.2690160E-04
+2.8120000E+00	+3.1580390E-04	+1.2623809E-04
+2.8130000E+00	+3.1541661E-04	+1.2557686E-04
+2.8140000E+00	+3.1503108E-04	+1.2491788E-04
+2.8150000E+00	+3.1464730E-04	+1.2426113E-04
+2.8160000E+00	+3.1426525E-04	+1.2360659E-04
+2.8170000E+00	+3.1388490E-04	+1.2295424E-04
+2.8180000E+00	+3.1350625E-04	+1.2230404E-04
+2.8190000E+00	+3.1312926E-04	+1.2165598E-04
+2.8200000E+00	+3.1275393E-04	+1.2101004E-04
+2.8210000E+00	+3.1238023E-04	+1.2036620E-04
+2.8220000E+00	+3.1200815E-04	+1.1972442E-04
+2.8230000E+00	+3.1163767E-04	+1.1908470E-04
+2.8240000E+00	+3.1126878E-04	+1.1844701E-04
+2.8250000E+00	+3.1090145E-04	+1.1781133E-04
+2.8260000E+00	+3.1053566E-04	+1.1717764E-04
+2.8270000E+00	+3.1017141E-04	+1.1654592E-04
+2.8280000E+00	+3.0980866E-04	+1.1591615E-04
+2.8290000E+00	+3.0944741E-04	+1.1528831E-04
+2.8300000E+00	+3.0908764E-04	+1.1466238E-04
+2.8310000E+00	+3.0872933E-04	+1.1403834E-04
+2.8320000E+00	+3.0837246E-04	+1.1341618E-04
+2.8330000E+00	+3.0801701E-04	+1.1279587E-04
+2.8340000E+00	+3.0766298E-04	+1.1217740E-04
+2.8350000E+00	+3.0731033E-04	+1.1156074E-04
+2.8360000E+00	+3.0695906E-04	+1.1094589E-04
+2.8370000E+00	+3.0660915E-04	+1.1033282E-04
+2.8380000E+00	+3.0626058E-04	+1.0972152E-04
+2.8390000E+00	+3.0591334E-04	+1.0911197E-04
+2.8400000E+00	+3.0556740E-04	+1.0850416E-04
+2.8410000E+00	+3.0522276E-04	+1.0789806E-04
+2.8420000E+00	+3.0487938E-04	+1.0729366E-04
+2.8430000E+00	+3.0453727E-04	+1.0669094E-04
+2.8440000E+00	+3.0419640E-04	+1.0608990E-04
+2.8450000E+00	+3.0385676E-04	+1.0549050E-04
+2.8460000E+00	+3.0351833E-04	+1.0489275E-04
+2.8470000E+00	+3.0318109E-04	+1.0429662E-04
+2.8480000E+00	+3.0284503E-04	+1.0370210E-04
+2.8490000E+00	+3.0251013E-04	+1.0310918E-04
+2.8500000E+00	+3.0217638E-04	+1.0251783E-04
+2.8510000E+00	+3.0184376E-04	+1.0192806E-04
+2.8520000E+00	+3.0151226E-04	+1.0133983E-04
+2.8530000E+00	+3.0118185E-04	+1.0075315E-04
+2.8540000E+00	+3.0085253E-04	+1.0016799E-04
+2.8550000E+00	+3.0052428E-04	+9.9584341E-05
+2.8560000E+00	+3.0019708E-04	+9.9002195E-05
+2.8570000E+00	+2.9987092E-04	+9.8421537E-05
+2.8580000E+00	+2.9954578E-04	+9.7842353E-05
+2.8590000E+00	+2.9922166E-04	+9.7264633E-05
+2.8600000E+00	+2.9889852E-04	+9.6688363E-05
+2.8610000E+00	+2.9857637E-04	+9.6113533E-05
+2.8620000E+00	+2.9825517E-04	+9.5540130E-05
+2.8630000E+00	+2.9793493E-04	+9.4968144E-05
+2.8640000E+00	+2.9761562E-04	+9.4397563E-05
+2.8650000E+00	+2.9729723E-04	+9.3828377E-05
+2.8660000E+00	+2.9697975E-04	+9.3260574E-05
+2.8670000E+00	+2.9666316E-04	+9.2694144E-05
+2.8680000E+00	+2.9634744E-04	+9.2129077E-05
+2.8690000E+00	+2.9603259E-04	+9.1565362E-05
+2.8700000E+00	+2.9571859E-04	+9.1002990E-05
+2.8710000E+00	+2.9540542E-04	+9.0441952E-05
+2.8720000E+00	+2.9509307E-04	+8.9882236E-05
+2.8730000E+00	+2.9478153E-04	+8.9323835E-05
+2.8740000E+00	+2.9447078E-04	+8.8766739E-05
+2.8750000E+00	+2.9416081E-04	+8.8210938E-05
+2.8760000E+00	+2.9385161E-04	+8.7656425E-05
+2.8770000E+00	+2.9354316E-04	+8.7103191E-05
+2.8780000E+00	+2.9323546E-04	+8.6551227E-05
+2.8790000E+00	+2.9292847E-04	+8.6000524E-05
+2.8800000E+00	+2.9262221E-04	+8.5451076E-05
+2.8810000E+00	+2.9231664E-04	+8.4902873E-05
+2.8820000E+00	+2.9201176E-04	+8.4355909E-05
+2.8830000E+00	+2.9170755E-04	+8.3810176E-05
+2.8840000E+00	+2.9140401E-04	+8.3265666E-05
+2.8850000E+00	+2.9110111E-04	+8.2722372E-05
+2.8860000E+00	+2.9079886E-04	+8.2180287E-05
+2.8870000E+00	+2.9049722E-04	+8.1639405E-05
+2.8880000E+00	+2.9019620E-04	+8.1099718E-05
+2.8890000E+00	+2.8989578E-04	+8.0561220E-05
+2.8900000E+00	+2.8959595E-04	+8.0023905E-05
+2.8910000E+00	+2.8929669E-04	+7.9487767E-05
+2.8920000E+00	+2.8899799E-04	+7.8952799E-05
+2.8930000E+00	+2.8869985E-04	+7.8418995E-05
+2.8940000E+00	+2.8840225E-04	+7.7886350E-05
+2.8950000E+00	+2.8810517E-04	+7.7354859E-05
+2.8960000E+00	+2.8780862E-04	+7.6824515E-05
+2.8970000E+00	+2.8751257E-04	+7.6295313E-05
+2.8980000E+00	+2.8721701E-04	+7.5767249E-05
+2.8990000E+00	+2.8692194E-04	+7.5240317E-05
+2.9000000E+00	+2.8662734E-04	+7.4714512E-05
+2.9010000E+00	+2.8633320E-04	+7.4189830E-05
+2.9020000E+00	+2.8603951E-04	+7.3666266E-05
+2.9030000E+00	+2.8574626E-04	+7.3143815E-05
+2.9040000E+00	+2.8545344E-04	+7.2622474E-05
+2.9050000E+00	+2.8516103E-04	+7.2102237E-05
+2.9060000E+00	+2.8486904E-04	+7.1583102E-05
+2.9070000E+00	+2.8457744E-04	+7.1065064E-05
+2.9080000E+00	+2.8428623E-04	+7.0548119E-05
+2.9090000E+00	+2.8399540E-04	+7.0032263E-05
+2.9100000E+00	+2.8370493E-04	+6.9517494E-05
+2.9110000E+00	+2.8341482E-04	+6.9003807E-05
+2.9120000E+00	+2.8312506E-04	+6.8491200E-05
+2.9130000E+00	+2.8283564E-04	+6.7979669E-05
+2.9140000E+00	+2.8254654E-04	+6.7469211E-05
+2.9150000E+00	+2.8225776E-04	+6.6959823E-05
+2.9160000E+00	+2.8196930E-04	+6.6451502E-05
+2.9170000E+00	+2.8168113E-04	+6.5944246E-05
+2.9180000E+00	+2.8139325E-04	+6.5438052E-05
+2.9190000E+00	+2.8110565E-04	+6.4932917E-05
+2.9200000E+00	+2.8081833E-04	+6.4428839E-05
+2.9210000E+00	+2.8053127E-04	+6.3925816E-05
+2.9220000E+00	+2.8024447E-04	+6.3423846E-05
+2.9230000E+00	+2.7995791E-04	+6.2922926E-05
+2.9240000E+00	+2.7967159E-04	+6.2423055E-05
+2.9250000E+00	+2.7938550E-04	+6.1924230E-05
+2.9260000E+00	+2.7909964E-04	+6.1426450E-05
+2.9270000E+00	+2.7881398E-04	+6.0929714E-05
+2.9280000E+00	+2.7852853E-04	+6.0434019E-05
+2.9290000E+00	+2.7824328E-04	+5.9939364E-05
+2.9300000E+00	+2.7795822E-04	+5.9445747E-05
+2.9310000E+00	+2.7767334E-04	+5.8953168E-05
+2.9320000E+00	+2.7738863E-04	+5.8461625E-05
+2.9330000E+00	+2.7710409E-04	+5.7971117E-05
+2.9340000E+00	+2.7681971E-04	+5.7481642E-05
+2.9350000E+00	+2.7653548E-04	+5.6993201E-05
+2.9360000E+00	+2.7625140E-04	+5.6505791E-05
+2.9370000E+00	+2.7596745E-04	+5.6019412E-05
+2.9380000E+00	+2.7568363E-04	+5.5534064E-05
+2.9390000E+00	+2.7539994E-04	+5.5049746E-05
+2.9400000E+00	+2.7511636E-04	+5.4566456E-05
+2.9410000E+00	+2.7483290E-04	+5.4084195E-05
+2.9420000E+00	+2.7454954E-04	+5.3602962E-05
+2.9430000E+00	+2.7426627E-04	+5.3122757E-05
+2.9440000E+00	+2.7398310E-04	+5.2643579E-05
+2.9450000E+00	+2.7370001E-04	+5.2165428E-05
+2.9460000E+00	+2.7341700E-04	+5.1688304E-05
+2.9470000E+00	+2.7313406E-04	+5.1212207E-05
+2.9480000E+00	+2.7285119E-04	+5.0737136E-05
+2.9490000E+00	+2.7256838E-04	+5.0263092E-05
+2.9500000E+00	+2.7228563E-04	+4.9790075E-05
+2.9510000E+00	+2.7200292E-04	+4.9318085E-05
+2.9520000E+00	+2.7172026E-04	+4.8847121E-05
+2.9530000E+00	+2.7143764E-04	+4.8377185E-05
+2.9540000E+00	+2.7115505E-04	+4.7908276E-05
+2.9550000E+00	+2.7087249E-04	+4.7440395E-05
+2.9560000E+00	+2.7058996E-04	+4.6973542E-05
+2.9570000E+00	+2.7030744E-04	+4.6507717E-05
+2.9580000E+00	+2.7002493E-04	+4.6042922E-05
+2.9590000E+00	+2.6974244E-04	+4.5579156E-05
+2.9600000E+00	+2.6945994E-04	+4.5116420E-05
+2.9610000E+00	+2.6917745E-04	+4.4654714E-05
+2.9620000E+00	+2.6889495E-04	+4.4194040E-05
+2.9630000E+00	+2.6861245E-04	+4.3734398E-05
+2.9640000E+00	+2.6832993E-04	+4.3275788E-05
+2.9650000E+00	+2.6804739E-04	+4.2818212E-05
+2.9660000E+00	+2.6776483E-04	+4.2361670E-05
+2.9670000E+00	+2.6748224E-04	+4.1906163E-05
+2.9680000E+00	+2.6719963E-04	+4.1451691E-05
+2.9690000E+00	+2.6691698E-04	+4.0998257E-05
+2.9700000E+00	+2.6663430E-04	+4.0545859E-05
+2.9710000E+00	+2.6635157E-04	+4.0094501E-05
+2.9720000E+00	+2.6606880E-04	+3.9644181E-05
+2.9730000E+00	+2.6578598E-04	+3.9194903E-05
+2.9740000E+00	+2.6550312E-04	+3.8746665E-05
+2.9750000E+00	+2.6522019E-04	+3.8299470E-05
+2.9760000E+00	+2.6493722E-04	+3.7853319E-05
+2.9770000E+00	+2.6465418E-04	+3.7408212E-05
+2.9780000E+00	+2.6437107E-04	+3.6964151E-05
+2.9790000E+00	+2.6408791E-04	+3.6521137E-05
+2.9800000E+00	+2.6380467E-04	+3.6079171E-05
+2.9810000E+00	+2.6352137E-04	+3.5638254E-05
+2.9820000E+00	+2.6323799E-04	+3.5198387E-05
+2.9830000E+00	+2.6295453E-04	+3.4759572E-05
+2.9840000E+00	+2.6267099E-04	+3.4321809E-05
+2.9850000E+00	+2.6238738E-04	+3.3885100E-05
+2.9860000E+00	+2.6210368E-04	+3.3449447E-05
+2.9870000E+00	+2.6181990E-04	+3.3014850E-05
+2.9880000E+00	+2.6153603E-04	+3.2581310E-05
+2.9890000E+00	+2.6125207E-04	+3.2148829E-05
+2.9900000E+00	+2.6096802E-04	+3.1717408E-05
+2.9910000E+00	+2.6068387E-04	+3.1287048E-05
+2.9920000E+00	+2.6039963E-04	+3.0857751E-05
+2.9930000E+00	+2.6011530E-04	+3.0429518E-05
+2.9940000E+00	+2.5983087E-04	+3.0002350E-05
+2.9950000E+00	+2.5954634E-04	+2.9576248E-05
+2.9960000E+00	+2.5926171E-04	+2.9151214E-05
+2.9970000E+00	+2.5897698E-04	+2.8727249E-05
+2.9980000E+00	+2.5869214E-04	+2.8304353E-05
+2.9990000E+00	+2.5840720E-04	+2.7882530E-05
+3.0000000E+00	+2.5812216E-04	+2.7461779E-05
