+2.0000000E+00	-1.9315613E-04	-2.4517103E-04
+2.0010000E+00	-1.9370771E-04	-2.4556361E-04
+2.0020000E+00	-1.9426228E-04	-2.4595766E-04
+2.0030000E+00	-1.9481985E-04	-2.4635320E-04
+2.0040000E+00	-1.9538045E-04	-2.4675023E-04
+2.0050000E+00	-1.9594412E-04	-2.4714876E-04
+2.0060000E+00	-1.9651086E-04	-2.4754880E-04
+2.0070000E+00	-1.9708071E-04	-2.4795035E-04
+2.0080000E+00	-1.9765368E-04	-2.4835344E-04
+2.0090000E+00	-1.9822982E-04	-2.4875805E-04
+2.0100000E+00	-1.9880913E-04	-2.4916421E-04
+2.0110000E+00	-1.9939165E-04	-2.4957192E-04
+2.0120000E+00	-1.9997740E-04	-2.4998119E-04
+2.0130000E+00	-2.0056640E-04	-2.5039204E-04
+2.0140000E+00	-2.0115870E-04	-2.5080446E-04
+2.0150000E+00	-2.0175430E-04	-2.5121846E-04
+2.0160000E+00	-2.0235324E-04	-2.5163407E-04
+2.0170000E+00	-2.0295555E-04	-2.5205128E-04
+2.0180000E+00	-2.0356125E-04	-2.5247010E-04
+2.0190000E+00	-2.0417037E-04	-2.5289055E-04
+2.0200000E+00	-2.0478294E-04	-2.5331264E-04
+2.0210000E+00	-2.0539899E-04	-2.5373637E-04
+2.0220000E+00	-2.0601854E-04	-2.5416175E-04
+2.0230000E+00	-2.0664163E-04	-2.5458879E-04
+2.0240000E+00	-2.0726828E-04	-2.5501750E-04
+2.0250000E+00	-2.0789853E-04	-2.5544790E-04
+2.0260000E+00	-2.0853240E-04	-2.5587998E-04
+2.0270000E+00	-2.0916993E-04	-2.5631377E-04
+2.0280000E+00	-2.0981115E-04	-2.5674927E-04
+2.0290000E+00	-2.1045608E-04	-2.5718649E-04
+2.0300000E+00	-2.1110476E-04	-2.5762544E-04
+2.0310000E+00	-2.1175721E-04	-2.5806613E-04
+2.0320000E+00	-2.1241349E-04	-2.5850857E-04
+2.0330000E+00	-2.1307360E-04	-2.5895277E-04
+2.0340000E+00	-2.1373759E-04	-2.5939875E-04
+2.0350000E+00	-2.1440550E-04	-2.5984650E-04
+2.0360000E+00	-2.1507735E-04	-2.6029605E-04
+2.0370000E+00	-2.1575317E-04	-2.6074740E-04
+2.0380000E+00	-2.1643301E-04	-2.6120057E-04
+2.0390000E+00	-2.1711690E-04	-2.6165556E-04
+2.0400000E+00	-2.1780487E-04	-2.6211238E-04
+2.0410000E+00	-2.1849696E-04	-2.6257105E-04
+2.0420000E+00	-2.1919320E-04	-2.6303158E-04
+2.0430000E+00	-2.1989363E-04	-2.6349397E-04
+2.0440000E+00	-2.2059829E-04	-2.6395825E-04
+2.0450000E+00	-2.2130722E-04	-2.6442441E-04
+2.0460000E+00	-2.2202045E-04	-2.6489247E-04
+2.0470000E+00	-2.2273801E-04	-2.6536244E-04
+2.0480000E+00	-2.2345996E-04	-2.6583434E-04
+2.0490000E+00	-2.2418633E-04	-2.6630817E-04
+2.0500000E+00	-2.2491715E-04	-2.6678395E-04
+2.0510000E+00	-2.2565247E-04	-2.6726168E-04
+2.0520000E+00	-2.2639232E-04	-2.6774139E-04
+2.0530000E+00	-2.2713676E-04	-2.6822307E-04
+2.0540000E+00	-2.2788582E-04	-2.6870675E-04
+2.0550000E+00	-2.2863953E-04	-2.6919243E-04
+2.0560000E+00	-2.2939796E-04	-2.6968013E-04
+2.0570000E+00	-2.3016112E-04	-2.7016986E-04
+2.0580000E+00	-2.3092908E-04	-2.7066162E-04
+2.0590000E+00	-2.3170188E-04	-2.7115544E-04
+2.0600000E+00	-2.3247955E-04	-2.7165133E-04
+2.0610000E+00	-2.3326214E-04	-2.7214929E-04
+2.0620000E+00	-2.3404971E-04	-2.7264934E-04
+2.0630000E+00	-2.3484229E-04	-2.7315150E-04
+2.0640000E+00	-2.3563993E-04	-2.7365576E-04
+2.0650000E+00	-2.3644268E-04	-2.7416216E-04
+2.0660000E+00	-2.3725059E-04	-2.7467069E-04
+2.0670000E+00	-2.3806370E-04	-2.7518138E-04
+2.0680000E+00	-2.3888207E-04	-2.7569423E-04
+2.0690000E+00	-2.3970574E-04	-2.7620927E-04
+2.0700000E+00	-2.4053476E-04	-2.7672649E-04
+2.0710000E+00	-2.4136919E-04	-2.7724592E-04
+2.0720000E+00	-2.4220907E-04	-2.7776756E-04
+2.0730000E+00	-2.4305447E-04	-2.7829144E-04
+2.0740000E+00	-2.4390542E-04	-2.7881756E-04
+2.0750000E+00	-2.4476199E-04	-2.7934594E-04
+2.0760000E+00	-2.4562423E-04	-2.7987659E-04
+2.0770000E+00	-2.4649218E-04	-2.8040953E-04
+2.0780000E+00	-2.4736592E-04	-2.8094477E-04
+2.0790000E+00	-2.4824549E-04	-2.8148231E-04
+2.0800000E+00	-2.4913096E-04	-2.8202219E-04
+2.0810000E+00	-2.5002237E-04	-2.8256440E-04
+2.0820000E+00	-2.5091979E-04	-2.8310897E-04
+2.0830000E+00	-2.5182328E-04	-2.8365591E-04
+2.0840000E+00	-2.5273289E-04	-2.8420523E-04
+2.0850000E+00	-2.5364869E-04	-2.8475695E-04
+2.0860000E+00	-2.5457074E-04	-2.8531108E-04
+2.0870000E+00	-2.5549910E-04	-2.8586763E-04
+2.0880000E+00	-2.5643384E-04	-2.8642663E-04
+2.0890000E+00	-2.5737501E-04	-2.8698808E-04
+2.0900000E+00	-2.5832268E-04	-2.8755200E-04
+2.0910000E+00	-2.5927693E-04	-2.8811840E-04
+2.0920000E+00	-2.6023780E-04	-2.8868730E-04
+2.0930000E+00	-2.6120538E-04	-2.8925872E-04
+2.0940000E+00	-2.6217973E-04	-2.8983266E-04
+2.0950000E+00	-2.6316092E-04	-2.9040915E-04
+2.0960000E+00	-2.6414902E-04	-2.9098820E-04
+2.0970000E+00	-2.6514410E-04	-2.9156982E-04
+2.0980000E+00	-2.6614623E-04	-2.9215404E-04
+2.0990000E+00	-2.6715548E-04	-2.9274085E-04
+2.1000000E+00	-2.6817194E-04	-2.9333029E-04
+2.1010000E+00	-2.6919566E-04	-2.9392237E-04
+2.1020000E+00	-2.7022674E-04	-2.9451709E-04
+2.1030000E+00	-2.7126525E-04	-2.9511448E-04
+2.1040000E+00	-2.7231126E-04	-2.9571456E-04
+2.1050000E+00	-2.7336486E-04	-2.9631733E-04
+2.1060000E+00	-2.7442612E-04	-2.9692282E-04
+2.1070000E+00	-2.7549512E-04	-2.9753104E-04
+2.1080000E+00	-2.7657196E-04	-2.9814201E-04
+2.1090000E+00	-2.7765671E-04	-2.9875574E-04
+2.1100000E+00	-2.7874945E-04	-2.9937224E-04
+2.1110000E+00	-2.7985028E-04	-2.9999155E-04
+2.1120000E+00	-2.8095928E-04	-3.0061366E-04
+2.1130000E+00	-2.8207653E-04	-3.0123860E-04
+2.1140000E+00	-2.8320214E-04	-3.0186638E-04
+2.1150000E+00	-2.8433619E-04	-3.0249703E-04
+2.1160000E+00	-2.8547876E-04	-3.0313055E-04
+2.1170000E+00	-2.8662997E-04	-3.0376696E-04
+2.1180000E+00	-2.8778989E-04	-3.0440628E-04
+2.1190000E+00	-2.8895863E-04	-3.0504853E-04
+2.1200000E+00	-2.9013629E-04	-3.0569372E-04
+2.1210000E+00	-2.9132296E-04	-3.0634188E-04
+2.1220000E+00	-2.9251874E-04	-3.0699300E-04
+2.1230000E+00	-2.9372374E-04	-3.0764712E-04
+2.1240000E+00	-2.9493806E-04	-3.0830425E-04
+2.1250000E+00	-2.9616181E-04	-3.0896441E-04
+2.1260000E+00	-2.9739509E-04	-3.0962761E-04
+2.1270000E+00	-2.9863801E-04	-3.1029387E-04
+2.1280000E+00	-2.9989068E-04	-3.1096321E-04
+2.1290000E+00	-3.0115321E-04	-3.1163564E-04
+2.1300000E+00	-3.0242572E-04	-3.1231119E-04
+2.1310000E+00	-3.0370832E-04	-3.1298986E-04
+2.1320000E+00	-3.0500113E-04	-3.1367168E-04
+2.1330000E+00	-3.0630426E-04	-3.1435665E-04
+2.1340000E+00	-3.0761783E-04	-3.1504481E-04
+2.1350000E+00	-3.0894198E-04	-3.1573616E-04
+2.1360000E+00	-3.1027681E-04	-3.1643073E-04
+2.1370000E+00	-3.1162246E-04	-3.1712852E-04
+2.1380000E+00	-3.1297906E-04	-3.1782956E-04
+2.1390000E+00	-3.1434674E-04	-3.1853387E-04
+2.1400000E+00	-3.1572562E-04	-3.1924145E-04
+2.1410000E+00	-3.1711584E-04	-3.1995233E-04
+2.1420000E+00	-3.1851753E-04	-3.2066652E-04
+2.1430000E+00	-3.1993085E-04	-3.2138405E-04
+2.1440000E+00	-3.2135591E-04	-3.2210492E-04
+2.1450000E+00	-3.2279288E-04	-3.2282915E-04
+2.1460000E+00	-3.2424188E-04	-3.2355676E-04
+2.1470000E+00	-3.2570308E-04	-3.2428777E-04
+2.1480000E+00	-3.2717661E-04	-3.2502219E-04
+2.1490000E+00	-3.2866263E-04	-3.2576004E-04
+2.1500000E+00	-3.3016130E-04	-3.2650133E-04
+2.1510000E+00	-3.3167277E-04	-3.2724609E-04
+2.1520000E+00	-3.3319720E-04	-3.2799432E-04
+2.1530000E+00	-3.3473475E-04	-3.2874604E-04
+2.1540000E+00	-3.3628559E-04	-3.2950126E-04
+2.1550000E+00	-3.3784988E-04	-3.3026001E-04
+2.1560000E+00	-3.3942779E-04	-3.3102230E-04
+2.1570000E+00	-3.4101950E-04	-3.3178814E-04
+2.1580000E+00	-3.4262518E-04	-3.3255755E-04
+2.1590000E+00	-3.4424502E-04	-3.3333054E-04
+2.1600000E+00	-3.4587918E-04	-3.3410712E-04
+2.1610000E+00	-3.4752786E-04	-3.3488732E-04
+2.1620000E+00	-3.4919124E-04	-3.3567114E-04
+2.1630000E+00	-3.5086952E-04	-3.3645860E-04
+2.1640000E+00	-3.5256289E-04	-3.3724971E-04
+2.1650000E+00	-3.5427154E-04	-3.3804448E-04
+2.1660000E+00	-3.5599568E-04	-3.3884294E-04
+2.1670000E+00	-3.5773550E-04	-3.3964508E-04
+2.1680000E+00	-3.5949123E-04	-3.4045092E-04
+2.1690000E+00	-3.6126307E-04	-3.4126047E-04
+2.1700000E+00	-3.6305123E-04	-3.4207375E-04
+2.1710000E+00	-3.6485593E-04	-3.4289077E-04
+2.1720000E+00	-3.6667739E-04	-3.4371153E-04
+2.1730000E+00	-3.6851585E-04	-3.4453605E-04
+2.1740000E+00	-3.7037153E-04	-3.4536433E-04
+2.1750000E+00	-3.7224466E-04	-3.4619639E-04
+2.1760000E+00	-3.7413549E-04	-3.4703222E-04
+2.1770000E+00	-3.7604425E-04	-3.4787186E-04
+2.1780000E+00	-3.7797120E-04	-3.4871528E-04
+2.1790000E+00	-3.7991659E-04	-3.4956252E-04
+2.1800000E+00	-3.8188066E-04	-3.5041356E-04
+2.1810000E+00	-3.8386368E-04	-3.5126843E-04
+2.1820000E+00	-3.8586593E-04	-3.5212711E-04
+2.1830000E+00	-3.8788765E-04	-3.5298962E-04
+2.1840000E+00	-3.8992915E-04	-3.5385596E-04
+2.1850000E+00	-3.9199068E-04	-3.5472613E-04
+2.1860000E+00	-3.9407254E-04	-3.5560013E-04
+2.1870000E+00	-3.9617502E-04	-3.5647797E-04
+2.1880000E+00	-3.9829841E-04	-3.5735964E-04
+2.1890000E+00	-4.0044301E-04	-3.5824515E-04
+2.1900000E+00	-4.0260914E-04	-3.5913448E-04
+2.1910000E+00	-4.0479711E-04	-3.6002765E-04
+2.1920000E+00	-4.0700722E-04	-3.6092464E-04
+2.1930000E+00	-4.0923982E-04	-3.6182544E-04
+2.1940000E+00	-4.1149522E-04	-3.6273006E-04
+2.1950000E+00	-4.1377378E-04	-3.6363848E-04
+2.1960000E+00	-4.1607582E-04	-3.6455070E-04
+2.1970000E+00	-4.1840170E-04	-3.6546670E-04
+2.1980000E+00	-4.2075178E-04	-3.6638648E-04
+2.1990000E+00	-4.2312642E-04	-3.6731001E-04
+2.2000000E+00	-4.2552599E-04	-3.6823729E-04
+2.2010000E+00	-4.2795088E-04	-3.6916830E-04
+2.2020000E+00	-4.3040146E-04	-3.7010302E-04
+2.2030000E+00	-4.3287813E-04	-3.7104142E-04
+2.2040000E+00	-4.3538129E-04	-3.7198350E-04
+2.2050000E+00	-4.3791135E-04	-3.7292922E-04
+2.2060000E+00	-4.4046873E-04	-3.7387856E-04
+2.2070000E+00	-4.4305386E-04	-3.7483150E-04
+2.2080000E+00	-4.4566715E-04	-3.7578799E-04
+2.2090000E+00	-4.4830907E-04	-3.7674801E-04
+2.2100000E+00	-4.5098006E-04	-3.7771153E-04
+2.2110000E+00	-4.5368059E-04	-3.7867851E-04
+2.2120000E+00	-4.5641111E-04	-3.7964890E-04
+2.2130000E+00	-4.5917212E-04	-3.8062267E-04
+2.2140000E+00	-4.6196411E-04	-3.8159978E-04
+2.2150000E+00	-4.6478756E-04	-3.8258016E-04
+2.2160000E+00	-4.6764300E-04	-3.8356378E-04
+2.2170000E+00	-4.7053095E-04	-3.8455057E-04
+2.2180000E+00	-4.7345193E-04	-3.8554048E-04
+2.2190000E+00	-4.7640649E-04	-3.8653346E-04
+2.2200000E+00	-4.7939519E-04	-3.8752942E-04
+2.2210000E+00	-4.8241859E-04	-3.8852831E-04
+2.2220000E+00	-4.8547727E-04	-3.8953006E-04
+2.2230000E+00	-4.8857182E-04	-3.9053458E-04
+2.2240000E+00	-4.9170285E-04	-3.9154180E-04
+2.2250000E+00	-4.9487096E-04	-3.9255162E-04
+2.2260000E+00	-4.9807680E-04	-3.9356397E-04
+2.2270000E+00	-5.0132101E-04	-3.9457874E-04
+2.2280000E+00	-5.0460423E-04	-3.9559584E-04
+2.2290000E+00	-5.0792715E-04	-3.9661516E-04
+2.2300000E+00	-5.1129046E-04	-3.9763658E-04
+2.2310000E+00	-5.1469485E-04	-3.9866000E-04
+2.2320000E+00	-5.1814103E-04	-3.9968529E-04
+2.2330000E+00	-5.2162976E-04	-4.0071232E-04
+2.2340000E+00	-5.2516177E-04	-4.0174095E-04
+2.2350000E+00	-5.2873783E-04	-4.0277105E-04
+2.2360000E+00	-5.3235873E-04	-4.0380246E-04
+2.2370000E+00	-5.3602526E-04	-4.0483502E-04
+2.2380000E+00	-5.3973826E-04	-4.0586858E-04
+2.2390000E+00	-5.4349855E-04	-4.0690295E-04
+2.2400000E+00	-5.4730700E-04	-4.0793795E-04
+2.2410000E+00	-5.5116448E-04	-4.0897340E-04
+2.2420000E+00	-5.5507189E-04	-4.1000910E-04
+2.2430000E+00	-5.5903015E-04	-4.1104483E-04
+2.2440000E+00	-5.6304021E-04	-4.1208037E-04
+2.2450000E+00	-5.6710302E-04	-4.1311550E-04
+2.2460000E+00	-5.7121956E-04	-4.1414996E-04
+2.2470000E+00	-5.7539086E-04	-4.1518352E-04
+2.2480000E+00	-5.7961793E-04	-4.1621590E-04
+2.2490000E+00	-5.8390184E-04	-4.1724682E-04
+2.2500000E+00	-5.8824367E-04	-4.1827600E-04
+2.2510000E+00	-5.9264452E-04	-4.1930312E-04
+2.2520000E+00	-5.9710553E-04	-4.2032787E-04
+2.2530000E+00	-6.0162787E-04	-4.2134990E-04
+2.2540000E+00	-6.0621271E-04	-4.2236888E-04
+2.2550000E+00	-6.1086129E-04	-4.2338444E-04
+2.2560000E+00	-6.1557485E-04	-4.2439617E-04
+2.2570000E+00	-6.2035466E-04	-4.2540369E-04
+2.2580000E+00	-6.2520205E-04	-4.2640658E-04
+2.2590000E+00	-6.3011834E-04	-4.2740438E-04
+2.2600000E+00	-6.3510493E-04	-4.2839663E-04
+2.2610000E+00	-6.4016322E-04	-4.2938285E-04
+2.2620000E+00	-6.4529465E-04	-4.3036254E-04
+2.2630000E+00	-6.5050071E-04	-4.3133515E-04
+2.2640000E+00	-6.5578291E-04	-4.3230013E-04
+2.2650000E+00	-6.6114282E-04	-4.3325690E-04
+2.2660000E+00	-6.6658203E-04	-4.3420484E-04
+2.2670000E+00	-6.7210218E-04	-4.3514332E-04
+2.2680000E+00	-6.7770495E-04	-4.3607166E-04
+2.2690000E+00	-6.8339206E-04	-4.3698916E-04
+2.2700000E+00	-6.8916527E-04	-4.3789509E-04
+2.2710000E+00	-6.9502640E-04	-4.3878867E-04
+2.2720000E+00	-7.0097730E-04	-4.3966910E-04
+2.2730000E+00	-7.0701988E-04	-4.4053553E-04
+2.2740000E+00	-7.1315610E-04	-4.4138707E-04
+2.2750000E+00	-7.1938797E-04	-4.4222279E-04
+2.2760000E+00	-7.2571753E-04	-4.4304173E-04
+2.2770000E+00	-7.3214690E-04	-4.4384285E-04
+2.2780000E+00	-7.3867826E-04	-4.4462510E-04
+2.2790000E+00	-7.4531381E-04	-4.4538735E-04
+2.2800000E+00	-7.5205586E-04	-4.4612842E-04
+2.2810000E+00	-7.5890673E-04	-4.4684708E-04
+2.2820000E+00	-7.6586883E-04	-4.4754205E-04
+2.2830000E+00	-7.7294462E-04	-4.4821196E-04
+2.2840000E+00	-7.8013665E-04	-4.4885541E-04
+2.2850000E+00	-7.8744751E-04	-4.4947088E-04
+2.2860000E+00	-7.9487986E-04	-4.5005684E-04
+2.2870000E+00	-8.0243644E-04	-4.5061162E-04
+2.2880000E+00	-8.1012007E-04	-4.5113353E-04
+2.2890000E+00	-8.1793363E-04	-4.5162074E-04
+2.2900000E+00	-8.2588008E-04	-4.5207137E-04
+2.2910000E+00	-8.3396246E-04	-4.5248342E-04
+2.2920000E+00	-8.4218389E-04	-4.5285481E-04
+2.2930000E+00	-8.5054756E-04	-4.5318335E-04
+2.2940000E+00	-8.5905677E-04	-4.5346674E-04
+2.2950000E+00	-8.6771488E-04	-4.5370255E-04
+2.2960000E+00	-8.7652536E-04	-4.5388824E-04
+2.2970000E+00	-8.8549176E-04	-4.5402116E-04
+2.2980000E+00	-8.9461771E-04	-4.5409849E-04
+2.2990000E+00	-9.0390695E-04	-4.5411730E-04
+2.3000000E+00	-9.1336331E-04	-4.5407447E-04
+2.3010000E+00	-9.2299074E-04	-4.5396676E-04
+2.3020000E+00	-9.3279324E-04	-4.5379075E-04
+2.3030000E+00	-9.4277496E-04	-4.5354283E-04
+2.3040000E+00	-9.5294013E-04	-4.5321921E-04
+2.3050000E+00	-9.6329308E-04	-4.5281593E-04
+2.3060000E+00	-9.7383827E-04	-4.5232877E-04
+2.3070000E+00	-9.8458025E-04	-4.5175334E-04
+2.3080000E+00	-9.9552367E-04	-4.5108500E-04
+2.3090000E+00	-1.0066733E-03	-4.5031885E-04
+2.3100000E+00	-1.0180340E-03	-4.4944976E-04
+2.3110000E+00	-1.0296109E-03	-4.4847230E-04
+2.3120000E+00	-1.0414089E-03	-4.4738078E-04
+2.3130000E+00	-1.0534333E-03	-4.4616918E-04
+2.3140000E+00	-1.0656894E-03	-4.4483118E-04
+2.3150000E+00	-1.0781827E-03	-4.4336010E-04
+2.3160000E+00	-1.0909187E-03	-4.4174891E-04
+2.3170000E+00	-1.1039030E-03	-4.3999021E-04
+2.3180000E+00	-1.1171414E-03	-4.3807618E-04
+2.3190000E+00	-1.1306396E-03	-4.3599859E-04
+2.3200000E+00	-1.1444037E-03	-4.3374876E-04
+2.3210000E+00	-1.1584397E-03	-4.3131752E-04
+2.3220000E+00	-1.1727536E-03	-4.2869522E-04
+2.3230000E+00	-1.1873516E-03	-4.2587168E-04
+2.3240000E+00	-1.2022400E-03	-4.2283613E-04
+2.3250000E+00	-1.2174250E-03	-4.1957724E-04
+2.3260000E+00	-1.2329130E-03	-4.1608305E-04
+2.3270000E+00	-1.2487102E-03	-4.1234092E-04
+2.3280000E+00	-1.2648231E-03	-4.0833754E-04
+2.3290000E+00	-1.2812581E-03	-4.0405882E-04
+2.3300000E+00	-1.2980213E-03	-3.9948994E-04
+2.3310000E+00	-1.3151191E-03	-3.9461522E-04
+2.3320000E+00	-1.3325576E-03	-3.8941813E-04
+2.3330000E+00	-1.3503429E-03	-3.8388122E-04
+2.3340000E+00	-1.3684809E-03	-3.7798608E-04
+2.3350000E+00	-1.3869773E-03	-3.7171327E-04
+2.3360000E+00	-1.4058376E-03	-3.6504228E-04
+2.3370000E+00	-1.4250669E-03	-3.5795148E-04
+2.3380000E+00	-1.4446701E-03	-3.5041805E-04
+2.3390000E+00	-1.4646517E-03	-3.4241793E-04
+2.3400000E+00	-1.4850155E-03	-3.3392574E-04
+2.3410000E+00	-1.5057649E-03	-3.2491473E-04
+2.3420000E+00	-1.5269029E-03	-3.1535673E-04
+2.3430000E+00	-1.5484313E-03	-3.0522205E-04
+2.3440000E+00	-1.5703514E-03	-2.9447944E-04
+2.3450000E+00	-1.5926633E-03	-2.8309602E-04
+2.3460000E+00	-1.6153663E-03	-2.7103720E-04
+2.3470000E+00	-1.6384581E-03	-2.5826666E-04
+2.3480000E+00	-1.6619354E-03	-2.4474623E-04
+2.3490000E+00	-1.6857930E-03	-2.3043588E-04
+2.3500000E+00	-1.7100241E-03	-2.1529364E-04
+2.3510000E+00	-1.7346199E-03	-1.9927559E-04
+2.3520000E+00	-1.7595694E-03	-1.8233578E-04
+2.3530000E+00	-1.7848592E-03	-1.6442624E-04
+2.3540000E+00	-1.8104731E-03	-1.4549696E-04
+2.3550000E+00	-1.8363919E-03	-1.2549591E-04
+2.3560000E+00	-1.8625931E-03	-1.0436901E-04
+2.3570000E+00	-1.8890506E-03	-8.2060260E-05
+2.3580000E+00	-1.9157340E-03	-5.8511761E-05
+2.3590000E+00	-1.9426088E-03	-3.3663842E-05
+2.3600000E+00	-1.9696354E-03	-7.4552086E-06
+2.3610000E+00	-1.9967691E-03	+2.0176865E-05
+2.3620000E+00	-2.0239591E-03	+4.9296297E-05
+2.3630000E+00	-2.0511488E-03	+7.9967891E-05
+2.3640000E+00	-2.0782746E-03	+1.1225698E-04
+2.3650000E+00	-2.1052656E-03	+1.4622898E-04
+2.3660000E+00	-2.1320434E-03	+1.8194887E-04
+2.3670000E+00	-2.1585210E-03	+2.1948060E-04
+2.3680000E+00	-2.1846028E-03	+2.5888636E-04
+2.3690000E+00	-2.2101839E-03	+3.0022579E-04
+2.3700000E+00	-2.2351497E-03	+3.4355501E-04
+2.3710000E+00	-2.2593756E-03	+3.8892563E-04
+2.3720000E+00	-2.2827266E-03	+4.3638353E-04
+2.3730000E+00	-2.3050570E-03	+4.8596758E-04
+2.3740000E+00	-2.3262107E-03	+5.3770821E-04
+2.3750000E+00	-2.3460207E-03	+5.9162586E-04
+2.3760000E+00	-2.3643100E-03	+6.4772930E-04
+2.3770000E+00	-2.3808915E-03	+7.0601388E-04
+2.3780000E+00	-2.3955691E-03	+7.6645968E-04
+2.3790000E+00	-2.4081387E-03	+8.2902966E-04
+2.3800000E+00	-2.4183891E-03	+8.9366769E-04
+2.3810000E+00	-2.4261041E-03	+9.6029675E-04
+2.3820000E+00	-2.4310646E-03	+1.0288171E-03
+2.3830000E+00	-2.4330503E-03	+1.0991047E-03
+2.3840000E+00	-2.4318433E-03	+1.1710099E-03
+2.3850000E+00	-2.4272308E-03	+1.2443562E-03
+2.3860000E+00	-2.4190085E-03	+1.3189395E-03
+2.3870000E+00	-2.4069847E-03	+1.3945283E-03
+2.3880000E+00	-2.3909841E-03	+1.4708635E-03
+2.3890000E+00	-2.3708520E-03	+1.5476598E-03
+2.3900000E+00	-2.3464584E-03	+1.6246070E-03
+2.3910000E+00	-2.3177025E-03	+1.7013727E-03
+2.3920000E+00	-2.2845159E-03	+1.7776053E-03
+2.3930000E+00	-2.2468669E-03	+1.8529378E-03
+2.3940000E+00	-2.2047627E-03	+1.9269924E-03
+2.3950000E+00	-2.1582525E-03	+1.9993857E-03
+2.3960000E+00	-2.1074283E-03	+2.0697346E-03
+2.3970000E+00	-2.0524259E-03	+2.1376616E-03
+2.3980000E+00	-1.9934246E-03	+2.2028018E-03
+2.3990000E+00	-1.9306451E-03	+2.2648085E-03
+2.4000000E+00	-1.8643479E-03	+2.3233593E-03
+2.4010000E+00	-1.7948288E-03	+2.3781615E-03
+2.4020000E+00	-1.7224156E-03	+2.4289571E-03
+2.4030000E+00	-1.6474619E-03	+2.4755268E-03
+2.4040000E+00	-1.5703421E-03	+2.5176929E-03
+2.4050000E+00	-1.4914451E-03	+2.5553218E-03
+2.4060000E+00	-1.4111677E-03	+2.5883248E-03
+2.4070000E+00	-1.3299085E-03	+2.6166579E-03
+2.4080000E+00	-1.2480617E-03	+2.6403215E-03
+2.4090000E+00	-1.1660118E-03	+2.6593573E-03
+2.4100000E+00	-1.0841276E-03	+2.6738467E-03
+2.4110000E+00	-1.0027587E-03	+2.6839064E-03
+2.4120000E+00	-9.2223103E-04	+2.6896849E-03
+2.4130000E+00	-8.4284432E-04	+2.6913582E-03
+2.4140000E+00	-7.6486978E-04	+2.6891251E-03
+2.4150000E+00	-6.8854880E-04	+2.6832027E-03
+2.4160000E+00	-6.1409233E-04	+2.6738220E-03
+2.4170000E+00	-5.4168087E-04	+2.6612236E-03
+2.4180000E+00	-4.7146513E-04	+2.6456535E-03
+2.4190000E+00	-4.0356707E-04	+2.6273601E-03
+2.4200000E+00	-3.3808144E-04	+2.6065902E-03
+2.4210000E+00	-2.7507752E-04	+2.5835868E-03
+2.4220000E+00	-2.1460114E-04	+2.5585862E-03
+2.4230000E+00	-1.5667682E-04	+2.5318168E-03
+2.4240000E+00	-1.0130994E-04	+2.5034968E-03
+2.4250000E+00	-4.8488946E-05	+2.4738333E-03
+2.4260000E+00	+1.8124686E-06	+2.4430217E-03
+2.4270000E+00	+4.9633331E-05	+2.4112448E-03
+2.4280000E+00	+9.5023413E-05	+2.3786727E-03
+2.4290000E+00	+1.3804141E-04	+2.3454629E-03
+2.4300000E+00	+1.7875325E-04	+2.3117601E-03
+2.4310000E+00	+2.1723059E-04	+2.2776967E-03
+2.4320000E+00	+2.5354944E-04	+2.2433933E-03
+2.4330000E+00	+2.8778895E-04	+2.2089590E-03
+2.4340000E+00	+3.2003030E-04	+2.1744919E-03
+2.4350000E+00	+3.5035583E-04	+2.1400802E-03
+2.4360000E+00	+3.7884821E-04	+2.1058022E-03
+2.4370000E+00	+4.0558975E-04	+2.0717274E-03
+2.4380000E+00	+4.3066185E-04	+2.0379169E-03
+2.4390000E+00	+4.5414452E-04	+2.0044243E-03
+2.4400000E+00	+4.7611599E-04	+1.9712960E-03
+2.4410000E+00	+4.9665241E-04	+1.9385720E-03
+2.4420000E+00	+5.1582761E-04	+1.9062867E-03
+2.4430000E+00	+5.3371292E-04	+1.8744687E-03
+2.4440000E+00	+5.5037706E-04	+1.8431421E-03
+2.4450000E+00	+5.6588602E-04	+1.8123267E-03
+2.4460000E+00	+5.8030304E-04	+1.7820382E-03
+2.4470000E+00	+5.9368860E-04	+1.7522889E-03
+2.4480000E+00	+6.0610041E-04	+1.7230881E-03
+2.4490000E+00	+6.1759345E-04	+1.6944421E-03
+2.4500000E+00	+6.2822003E-04	+1.6663549E-03
+2.4510000E+00	+6.3802985E-04	+1.6388282E-03
+2.4520000E+00	+6.4707006E-04	+1.6118620E-03
+2.4530000E+00	+6.5538534E-04	+1.5854544E-03
+2.4540000E+00	+6.6301801E-04	+1.5596022E-03
+2.4550000E+00	+6.7000812E-04	+1.5343009E-03
+2.4560000E+00	+6.7639352E-04	+1.5095449E-03
+2.4570000E+00	+6.8220996E-04	+1.4853276E-03
+2.4580000E+00	+6.8749123E-04	+1.4616418E-03
+2.4590000E+00	+6.9226917E-04	+1.4384793E-03
+2.4600000E+00	+6.9657386E-04	+1.4158317E-03
+2.4610000E+00	+7.0043364E-04	+1.3936900E-03
+2.4620000E+00	+7.0387522E-04	+1.3720447E-03
+2.4630000E+00	+7.0692378E-04	+1.3508862E-03
+2.4640000E+00	+7.0960304E-04	+1.3302047E-03
+2.4650000E+00	+7.1193533E-04	+1.3099901E-03
+2.4660000E+00	+7.1394169E-04	+1.2902323E-03
+2.4670000E+00	+7.1564192E-04	+1.2709209E-03
+2.4680000E+00	+7.1705469E-04	+1.2520460E-03
+2.4690000E+00	+7.1819753E-04	+1.2335971E-03
+2.4700000E+00	+7.1908697E-04	+1.2155643E-03
+2.4710000E+00	+7.1973857E-04	+1.1979374E-03
+2.4720000E+00	+7.2016696E-04	+1.1807064E-03
+2.4730000E+00	+7.2038593E-04	+1.1638615E-03
+2.4740000E+00	+7.2040844E-04	+1.1473930E-03
+2.4750000E+00	+7.2024671E-04	+1.1312914E-03
+2.4760000E+00	+7.1991223E-04	+1.1155471E-03
+2.4770000E+00	+7.1941582E-04	+1.1001511E-03
+2.4780000E+00	+7.1876765E-04	+1.0850943E-03
+2.4790000E+00	+7.1797734E-04	+1.0703677E-03
+2.4800000E+00	+7.1705389E-04	+1.0559627E-03
+2.4810000E+00	+7.1600582E-04	+1.0418709E-03
+2.4820000E+00	+7.1484114E-04	+1.0280840E-03
+2.4830000E+00	+7.1356739E-04	+1.0145938E-03
+2.4840000E+00	+7.1219166E-04	+1.0013925E-03
+2.4850000E+00	+7.1072067E-04	+9.8847240E-04
+2.4860000E+00	+7.0916071E-04	+9.7582599E-04
+2.4870000E+00	+7.0751773E-04	+9.6344596E-04
+2.4880000E+00	+7.0579733E-04	+9.5132521E-04
+2.4890000E+00	+7.0400478E-04	+9.3945680E-04
+2.4900000E+00	+7.0214507E-04	+9.2783402E-04
+2.4910000E+00	+7.0022288E-04	+9.1645030E-04
+2.4920000E+00	+6.9824263E-04	+9.0529927E-04
+2.4930000E+00	+6.9620851E-04	+8.9437475E-04
+2.4940000E+00	+6.9412444E-04	+8.8367070E-04
+2.4950000E+00	+6.9199413E-04	+8.7318129E-04
+2.4960000E+00	+6.8982109E-04	+8.6290081E-04
+2.4970000E+00	+6.8760861E-04	+8.5282377E-04
+2.4980000E+00	+6.8535981E-04	+8.4294478E-04
+2.4990000E+00	+6.8307763E-04	+8.3325864E-04
+2.5000000E+00	+6.8076484E-04	+8.2376029E-04
+2.5010000E+00	+6.7842407E-04	+8.1444482E-04
+2.5020000E+00	+6.7605778E-04	+8.0530745E-04
+2.5030000E+00	+6.7366831E-04	+7.9634357E-04
+2.5040000E+00	+6.7125786E-04	+7.8754867E-04
+2.5050000E+00	+6.6882850E-04	+7.7891839E-04
+2.5060000E+00	+6.6638221E-04	+7.7044850E-04
+2.5070000E+00	+6.6392083E-04	+7.6213487E-04
+2.5080000E+00	+6.6144611E-04	+7.5397353E-04
+2.5090000E+00	+6.5895970E-04	+7.4596058E-04
+2.5100000E+00	+6.5646317E-04	+7.3809228E-04
+2.5110000E+00	+6.5395799E-04	+7.3036497E-04
+2.5120000E+00	+6.5144554E-04	+7.2277511E-04
+2.5130000E+00	+6.4892715E-04	+7.1531925E-04
+2.5140000E+00	+6.4640404E-04	+7.0799406E-04
+2.5150000E+00	+6.4387739E-04	+7.0079629E-04
+2.5160000E+00	+6.4134831E-04	+6.9372280E-04
+2.5170000E+00	+6.3881784E-04	+6.8677053E-04
+2.5180000E+00	+6.3628695E-04	+6.7993651E-04
+2.5190000E+00	+6.3375658E-04	+6.7321785E-04
+2.5200000E+00	+6.3122760E-04	+6.6661178E-04
+2.5210000E+00	+6.2870085E-04	+6.6011556E-04
+2.5220000E+00	+6.2617709E-04	+6.5372655E-04
+2.5230000E+00	+6.2365707E-04	+6.4744221E-04
+2.5240000E+00	+6.2114148E-04	+6.4126003E-04
+2.5250000E+00	+6.1863096E-04	+6.3517760E-04
+2.5260000E+00	+6.1612614E-04	+6.2919258E-04
+2.5270000E+00	+6.1362758E-04	+6.2330268E-04
+2.5280000E+00	+6.1113585E-04	+6.1750569E-04
+2.5290000E+00	+6.0865144E-04	+6.1179946E-04
+2.5300000E+00	+6.0617485E-04	+6.0618189E-04
+2.5310000E+00	+6.0370652E-04	+6.0065096E-04
+2.5320000E+00	+6.0124688E-04	+5.9520468E-04
+2.5330000E+00	+5.9879633E-04	+5.8984114E-04
+2.5340000E+00	+5.9635525E-04	+5.8455848E-04
+2.5350000E+00	+5.9392398E-04	+5.7935487E-04
+2.5360000E+00	+5.9150285E-04	+5.7422856E-04
+2.5370000E+00	+5.8909218E-04	+5.6917784E-04
+2.5380000E+00	+5.8669225E-04	+5.6420103E-04
+2.5390000E+00	+5.8430332E-04	+5.5929652E-04
+2.5400000E+00	+5.8192566E-04	+5.5446273E-04
+2.5410000E+00	+5.7955948E-04	+5.4969813E-04
+2.5420000E+00	+5.7720502E-04	+5.4500123E-04
+2.5430000E+00	+5.7486247E-04	+5.4037057E-04
+2.5440000E+00	+5.7253201E-04	+5.3580476E-04
+2.5450000E+00	+5.7021383E-04	+5.3130240E-04
+2.5460000E+00	+5.6790807E-04	+5.2686218E-04
+2.5470000E+00	+5.6561489E-04	+5.2248279E-04
+2.5480000E+00	+5.6333442E-04	+5.1816297E-04
+2.5490000E+00	+5.6106678E-04	+5.1390148E-04
+2.5500000E+00	+5.5881209E-04	+5.0969713E-04
+2.5510000E+00	+5.5657044E-04	+5.0554875E-04
+2.5520000E+00	+5.5434193E-04	+5.0145520E-04
+2.5530000E+00	+5.5212664E-04	+4.9741537E-04
+2.5540000E+00	+5.4992464E-04	+4.9342820E-04
+2.5550000E+00	+5.4773601E-04	+4.8949263E-04
+2.5560000E+00	+5.4556078E-04	+4.8560764E-04
+2.5570000E+00	+5.4339903E-04	+4.8177223E-04
+2.5580000E+00	+5.4125078E-04	+4.7798544E-04
+2.5590000E+00	+5.3911607E-04	+4.7424632E-04
+2.5600000E+00	+5.3699493E-04	+4.7055394E-04
+2.5610000E+00	+5.3488739E-04	+4.6690741E-04
+2.5620000E+00	+5.3279345E-04	+4.6330585E-04
+2.5630000E+00	+5.3071314E-04	+4.5974842E-04
+2.5640000E+00	+5.2864645E-04	+4.5623428E-04
+2.5650000E+00	+5.2659338E-04	+4.5276261E-04
+2.5660000E+00	+5.2455393E-04	+4.4933263E-04
+2.5670000E+00	+5.2252810E-04	+4.4594357E-04
+2.5680000E+00	+5.2051586E-04	+4.4259468E-04
+2.5690000E+00	+5.1851720E-04	+4.3928521E-04
+2.5700000E+00	+5.1653210E-04	+4.3601446E-04
+2.5710000E+00	+5.1456052E-04	+4.3278172E-04
+2.5720000E+00	+5.1260246E-04	+4.2958632E-04
+2.5730000E+00	+5.1065786E-04	+4.2642758E-04
+2.5740000E+00	+5.0872669E-04	+4.2330486E-04
+2.5750000E+00	+5.0680893E-04	+4.2021753E-04
+2.5760000E+00	+5.0490451E-04	+4.1716496E-04
+2.5770000E+00	+5.0301341E-04	+4.1414655E-04
+2.5780000E+00	+5.0113558E-04	+4.1116172E-04
+2.5790000E+00	+4.9927095E-04	+4.0820987E-04
+2.5800000E+00	+4.9741949E-04	+4.0529046E-04
+2.5810000E+00	+4.9558114E-04	+4.0240292E-04
+2.5820000E+00	+4.9375585E-04	+3.9954673E-04
+2.5830000E+00	+4.9194355E-04	+3.9672136E-04
+2.5840000E+00	+4.9014420E-04	+3.9392629E-04
+2.5850000E+00	+4.8835772E-04	+3.9116102E-04
+2.5860000E+00	+4.8658405E-04	+3.8842506E-04
+2.5870000E+00	+4.8482314E-04	+3.8571793E-04
+2.5880000E+00	+4.8307491E-04	+3.8303917E-04
+2.5890000E+00	+4.8133930E-04	+3.8038831E-04
+2.5900000E+00	+4.7961625E-04	+3.7776490E-04
+2.5910000E+00	+4.7790567E-04	+3.7516852E-04
+2.5920000E+00	+4.7620751E-04	+3.7259872E-04
+2.5930000E+00	+4.7452170E-04	+3.7005509E-04
+2.5940000E+00	+4.7284815E-04	+3.6753722E-04
+2.5950000E+00	+4.7118681E-04	+3.6504470E-04
+2.5960000E+00	+4.6953758E-04	+3.6257715E-04
+2.5970000E+00	+4.6790041E-04	+3.6013417E-04
+2.5980000E+00	+4.6627522E-04	+3.5771540E-04
+2.5990000E+00	+4.6466193E-04	+3.5532046E-04
+2.6000000E+00	+4.6306046E-04	+3.5294899E-04
+2.6010000E+00	+4.6147075E-04	+3.5060063E-04
+2.6020000E+00	+4.5989270E-04	+3.4827505E-04
+2.6030000E+00	+4.5832626E-04	+3.4597190E-04
+2.6040000E+00	+4.5677133E-04	+3.4369085E-04
+2.6050000E+00	+4.5522784E-04	+3.4143157E-04
+2.6060000E+00	+4.5369572E-04	+3.3919375E-04
+2.6070000E+00	+4.5217488E-04	+3.3697707E-04
+2.6080000E+00	+4.5066525E-04	+3.3478123E-04
+2.6090000E+00	+4.4916676E-04	+3.3260592E-04
+2.6100000E+00	+4.4767931E-04	+3.3045085E-04
+2.6110000E+00	+4.4620283E-04	+3.2831574E-04
+2.6120000E+00	+4.4473725E-04	+3.2620030E-04
+2.6130000E+00	+4.4328249E-04	+3.2410425E-04
+2.6140000E+00	+4.4183846E-04	+3.2202732E-04
+2.6150000E+00	+4.4040510E-04	+3.1996925E-04
+2.6160000E+00	+4.3898231E-04	+3.1792977E-04
+2.6170000E+00	+4.3757003E-04	+3.1590862E-04
+2.6180000E+00	+4.3616818E-04	+3.1390556E-04
+2.6190000E+00	+4.3477667E-04	+3.1192034E-04
+2.6200000E+00	+4.3339544E-04	+3.0995272E-04
+2.6210000E+00	+4.3202439E-04	+3.0800245E-04
+2.6220000E+00	+4.3066347E-04	+3.0606930E-04
+2.6230000E+00	+4.2931258E-04	+3.0415305E-04
+2.6240000E+00	+4.2797165E-04	+3.0225347E-04
+2.6250000E+00	+4.2664061E-04	+3.0037034E-04
+2.6260000E+00	+4.2531939E-04	+2.9850345E-04
+2.6270000E+00	+4.2400789E-04	+2.9665257E-04
+2.6280000E+00	+4.2270606E-04	+2.9481750E-04
+2.6290000E+00	+4.2141381E-04	+2.9299804E-04
+2.6300000E+00	+4.2013107E-04	+2.9119399E-04
+2.6310000E+00	+4.1885776E-04	+2.8940514E-04
+2.6320000E+00	+4.1759382E-04	+2.8763130E-04
+2.6330000E+00	+4.1633916E-04	+2.8587228E-04
+2.6340000E+00	+4.1509372E-04	+2.8412789E-04
+2.6350000E+00	+4.1385742E-04	+2.8239796E-04
+2.6360000E+00	+4.1263020E-04	+2.8068228E-04
+2.6370000E+00	+4.1141196E-04	+2.7898070E-04
+2.6380000E+00	+4.1020266E-04	+2.7729303E-04
+2.6390000E+00	+4.0900221E-04	+2.7561910E-04
+2.6400000E+00	+4.0781054E-04	+2.7395875E-04
+2.6410000E+00	+4.0662759E-04	+2.7231179E-04
+2.6420000E+00	+4.0545328E-04	+2.7067808E-04
+2.6430000E+00	+4.0428755E-04	+2.6905746E-04
+2.6440000E+00	+4.0313032E-04	+2.6744975E-04
+2.6450000E+00	+4.0198153E-04	+2.6585481E-04
+2.6460000E+00	+4.0084112E-04	+2.6427248E-04
+2.6470000E+00	+3.9970900E-04	+2.6270262E-04
+2.6480000E+00	+3.9858512E-04	+2.6114508E-04
+2.6490000E+00	+3.9746941E-04	+2.5959970E-04
+2.6500000E+00	+3.9636181E-04	+2.5806635E-04
+2.6510000E+00	+3.9526224E-04	+2.5654488E-04
+2.6520000E+00	+3.9417064E-04	+2.5503516E-04
+2.6530000E+00	+3.9308695E-04	+2.5353705E-04
+2.6540000E+00	+3.9201111E-04	+2.5205042E-04
+2.6550000E+00	+3.9094305E-04	+2.5057512E-04
+2.6560000E+00	+3.8988271E-04	+2.4911105E-04
+2.6570000E+00	+3.8883002E-04	+2.4765805E-04
+2.6580000E+00	+3.8778492E-04	+2.4621601E-04
+2.6590000E+00	+3.8674736E-04	+2.4478481E-04
+2.6600000E+00	+3.8571727E-04	+2.4336432E-04
+2.6610000E+00	+3.8469458E-04	+2.4195442E-04
+2.6620000E+00	+3.8367925E-04	+2.4055500E-04
+2.6630000E+00	+3.8267121E-04	+2.3916593E-04
+2.6640000E+00	+3.8167040E-04	+2.3778710E-04
+2.6650000E+00	+3.8067676E-04	+2.3641839E-04
+2.6660000E+00	+3.7969024E-04	+2.3505971E-04
+2.6670000E+00	+3.7871077E-04	+2.3371093E-04
+2.6680000E+00	+3.7773830E-04	+2.3237194E-04
+2.6690000E+00	+3.7677278E-04	+2.3104265E-04
+2.6700000E+00	+3.7581414E-04	+2.2972294E-04
+2.6710000E+00	+3.7486234E-04	+2.2841272E-04
+2.6720000E+00	+3.7391731E-04	+2.2711187E-04
+2.6730000E+00	+3.7297900E-04	+2.2582031E-04
+2.6740000E+00	+3.7204736E-04	+2.2453793E-04
+2.6750000E+00	+3.7112234E-04	+2.2326462E-04
+2.6760000E+00	+3.7020387E-04	+2.2200031E-04
+2.6770000E+00	+3.6929191E-04	+2.2074488E-04
+2.6780000E+00	+3.6838641E-04	+2.1949826E-04
+2.6790000E+00	+3.6748731E-04	+2.1826034E-04
+2.6800000E+00	+3.6659456E-04	+2.1703103E-04
+2.6810000E+00	+3.6570811E-04	+2.1581025E-04
+2.6820000E+00	+3.6482791E-04	+2.1459790E-04
+2.6830000E+00	+3.6395391E-04	+2.1339391E-04
+2.6840000E+00	+3.6308607E-04	+2.1219818E-04
+2.6850000E+00	+3.6222432E-04	+2.1101063E-04
+2.6860000E+00	+3.6136863E-04	+2.0983117E-04
+2.6870000E+00	+3.6051894E-04	+2.0865972E-04
+2.6880000E+00	+3.5967521E-04	+2.0749621E-04
+2.6890000E+00	+3.5883738E-04	+2.0634055E-04
+2.6900000E+00	+3.5800542E-04	+2.0519266E-04
+2.6910000E+00	+3.5717928E-04	+2.0405247E-04
+2.6920000E+00	+3.5635890E-04	+2.0291989E-04
+2.6930000E+00	+3.5554425E-04	+2.0179486E-04
+2.6940000E+00	+3.5473528E-04	+2.0067729E-04
+2.6950000E+00	+3.5393194E-04	+1.9956711E-04
+2.6960000E+00	+3.5313419E-04	+1.9846426E-04
+2.6970000E+00	+3.5234199E-04	+1.9736865E-04
+2.6980000E+00	+3.5155529E-04	+1.9628022E-04
+2.6990000E+00	+3.5077405E-04	+1.9519889E-04
+2.7000000E+00	+3.4999822E-04	+1.9412461E-04
+2.7010000E+00	+3.4922777E-04	+1.9305729E-04
+2.7020000E+00	+3.4846265E-04	+1.9199688E-04
+2.7030000E+00	+3.4770282E-04	+1.9094330E-04
+2.7040000E+00	+3.4694823E-04	+1.8989649E-04
+2.7050000E+00	+3.4619886E-04	+1.8885638E-04
+2.7060000E+00	+3.4545466E-04	+1.8782292E-04
+2.7070000E+00	+3.4471558E-04	+1.8679604E-04
+2.7080000E+00	+3.4398159E-04	+1.8577567E-04
+2.7090000E+00	+3.4325265E-04	+1.8476176E-04
+2.7100000E+00	+3.4252872E-04	+1.8375424E-04
+2.7110000E+00	+3.4180976E-04	+1.8275306E-04
+2.7120000E+00	+3.4109573E-04	+1.8175815E-04
+2.7130000E+00	+3.4038660E-04	+1.8076946E-04
+2.7140000E+00	+3.3968233E-04	+1.7978692E-04
+2.7150000E+00	+3.3898287E-04	+1.7881049E-04
+2.7160000E+00	+3.3828821E-04	+1.7784010E-04
+2.7170000E+00	+3.3759829E-04	+1.7687571E-04
+2.7180000E+00	+3.3691308E-04	+1.7591724E-04
+2.7190000E+00	+3.3623254E-04	+1.7496466E-04
+2.7200000E+00	+3.3555665E-04	+1.7401791E-04
+2.7210000E+00	+3.3488537E-04	+1.7307693E-04
+2.7220000E+00	+3.3421865E-04	+1.7214167E-04
+2.7230000E+00	+3.3355647E-04	+1.7121209E-04
+2.7240000E+00	+3.3289879E-04	+1.7028812E-04
+2.7250000E+00	+3.3224559E-04	+1.6936972E-04
+2.7260000E+00	+3.3159681E-04	+1.6845684E-04
+2.7270000E+00	+3.3095244E-04	+1.6754944E-04
+2.7280000E+00	+3.3031244E-04	+1.6664745E-04
+2.7290000E+00	+3.2967678E-04	+1.6575084E-04
+2.7300000E+00	+3.2904542E-04	+1.6485955E-04
+2.7310000E+00	+3.2841833E-04	+1.6397355E-04
+2.7320000E+00	+3.2779549E-04	+1.6309277E-04
+2.7330000E+00	+3.2717685E-04	+1.6221719E-04
+2.7340000E+00	+3.2656240E-04	+1.6134675E-04
+2.7350000E+00	+3.2595209E-04	+1.6048140E-04
+2.7360000E+00	+3.2534590E-04	+1.5962111E-04
+2.7370000E+00	+3.2474380E-04	+1.5876583E-04
+2.7380000E+00	+3.2414576E-04	+1.5791552E-04
+2.7390000E+00	+3.2355175E-04	+1.5707013E-04
+2.7400000E+00	+3.2296173E-04	+1.5622962E-04
+2.7410000E+00	+3.2237569E-04	+1.5539396E-04
+2.7420000E+00	+3.2179359E-04	+1.5456309E-04
+2.7430000E+00	+3.2121540E-04	+1.5373699E-04
+2.7440000E+00	+3.2064110E-04	+1.5291560E-04
+2.7450000E+00	+3.2007066E-04	+1.5209889E-04
+2.7460000E+00	+3.1950404E-04	+1.5128682E-04
+2.7470000E+00	+3.1894123E-04	+1.5047935E-04
+2.7480000E+00	+3.1838220E-04	+1.4967644E-04
+2.7490000E+00	+3.1782691E-04	+1.4887806E-04
+2.7500000E+00	+3.1727535E-04	+1.4808417E-04
+2.7510000E+00	+3.1672748E-04	+1.4729472E-04
+2.7520000E+00	+3.1618328E-04	+1.4650969E-04
+2.7530000E+00	+3.1564273E-04	+1.4572904E-04
+2.7540000E+00	+3.1510579E-04	+1.4495272E-04
+2.7550000E+00	+3.1457245E-04	+1.4418072E-04
+2.7560000E+00	+3.1404267E-04	+1.4341298E-04
+2.7570000E+00	+3.1351644E-04	+1.4264948E-04
+2.7580000E+00	+3.1299373E-04	+1.4189018E-04
+2.7590000E+00	+3.1247451E-04	+1.4113505E-04
+2.7600000E+00	+3.1195876E-04	+1.4038405E-04
+2.7610000E+00	+3.1144645E-04	+1.3963716E-04
+2.7620000E+00	+3.1093757E-04	+1.3889433E-04
+2.7630000E+00	+3.1043209E-04	+1.3815554E-04
+2.7640000E+00	+3.0992998E-04	+1.3742075E-04
+2.7650000E+00	+3.0943123E-04	+1.3668993E-04
+2.7660000E+00	+3.0893580E-04	+1.3596306E-04
+2.7670000E+00	+3.0844368E-04	+1.3524009E-04
+2.7680000E+00	+3.0795485E-04	+1.3452101E-04
+2.7690000E+00	+3.0746927E-04	+1.3380577E-04
+2.7700000E+00	+3.0698694E-04	+1.3309435E-04
+2.7710000E+00	+3.0650783E-04	+1.3238672E-04
+2.7720000E+00	+3.0603191E-04	+1.3168285E-04
+2.7730000E+00	+3.0555917E-04	+1.3098270E-04
+2.7740000E+00	+3.0508958E-04	+1.3028626E-04
+2.7750000E+00	+3.0462312E-04	+1.2959350E-04
+2.7760000E+00	+3.0415978E-04	+1.2890438E-04
+2.7770000E+00	+3.0369953E-04	+1.2821887E-04
+2.7780000E+00	+3.0324235E-04	+1.2753696E-04
+2.7790000E+00	+3.0278822E-04	+1.2685860E-04
+2.7800000E+00	+3.0233712E-04	+1.2618378E-04
+2.7810000E+00	+3.0188903E-04	+1.2551247E-04
+2.7820000E+00	+3.0144394E-04	+1.2484465E-04
+2.7830000E+00	+3.0100181E-04	+1.2418027E-04
+2.7840000E+00	+3.0056264E-04	+1.2351933E-04
+2.7850000E+00	+3.0012640E-04	+1.2286179E-04
+2.7860000E+00	+2.9969307E-04	+1.2220764E-04
+2.7870000E+00	+2.9926264E-04	+1.2155683E-04
+2.7880000E+00	+2.9883509E-04	+1.2090936E-04
+2.7890000E+00	+2.9841039E-04	+1.2026518E-04
+2.7900000E+00	+2.9798854E-04	+1.1962429E-04
+2.7910000E+00	+2.9756950E-04	+1.1898666E-04
+2.7920000E+00	+2.9715327E-04	+1.1835226E-04
+2.7930000E+00	+2.9673983E-04	+1.1772106E-04
+2.7940000E+00	+2.9632916E-04	+1.1709306E-04
+2.7950000E+00	+2.9592123E-04	+1.1646821E-04
+2.7960000E+00	+2.9551604E-04	+1.1584651E-04
+2.7970000E+00	+2.9511356E-04	+1.1522792E-04
+2.7980000E+00	+2.9471379E-04	+1.1461242E-04
+2.7990000E+00	+2.9431669E-04	+1.1400000E-04
+2.8000000E+00	+2.9392227E-04	+1.1339063E-04
+2.8010000E+00	+2.9353049E-04	+1.1278429E-04
+2.8020000E+00	+2.9314134E-04	+1.1218095E-04
+2.8030000E+00	+2.9275481E-04	+1.1158060E-04
+2.8040000E+00	+2.9237088E-04	+1.1098322E-04
+2.8050000E+00	+2.9198953E-04	+1.1038878E-04
+2.8060000E+00	+2.9161076E-04	+1.0979727E-04
+2.8070000E+00	+2.9123453E-04	+1.0920865E-04
+2.8080000E+00	+2.9086084E-04	+1.0862292E-04
+2.8090000E+00	+2.9048968E-04	+1.0804006E-04
+2.8100000E+00	+2.9012102E-04	+1.0746003E-04
+2.8110000E+00	+2.8975485E-04	+1.0688283E-04
+2.8120000E+00	+2.8939116E-04	+1.0630844E-04
+2.8130000E+00	+2.8902992E-04	+1.0573682E-04
+2.8140000E+00	+2.8867114E-04	+1.0516798E-04
+2.8150000E+00	+2.8831479E-04	+1.0460188E-04
+2.8160000E+00	+2.8796085E-04	+1.0403851E-04
+2.8170000E+00	+2.8760932E-04	+1.0347785E-04
+2.8180000E+00	+2.8726018E-04	+1.0291988E-04
+2.8190000E+00	+2.8691341E-04	+1.0236458E-04
+2.8200000E+00	+2.8656900E-04	+1.0181194E-04
+2.8210000E+00	+2.8622694E-04	+1.0126194E-04
+2.8220000E+00	+2.8588721E-04	+1.0071456E-04
+2.8230000E+00	+2.8554980E-04	+1.0016977E-04
+2.8240000E+00	+2.8521469E-04	+9.9627580E-05
+2.8250000E+00	+2.8488188E-04	+9.9087953E-05
+2.8260000E+00	+2.8455135E-04	+9.8550877E-05
+2.8270000E+00	+2.8422308E-04	+9.8016336E-05
+2.8280000E+00	+2.8389707E-04	+9.7484313E-05
+2.8290000E+00	+2.8357329E-04	+9.6954792E-05
+2.8300000E+00	+2.8325175E-04	+9.6427756E-05
+2.8310000E+00	+2.8293242E-04	+9.5903189E-05
+2.8320000E+00	+2.8261528E-04	+9.5381076E-05
+2.8330000E+00	+2.8230034E-04	+9.4861400E-05
+2.8340000E+00	+2.8198758E-04	+9.4344145E-05
+2.8350000E+00	+2.8167698E-04	+9.3829297E-05
+2.8360000E+00	+2.8136853E-04	+9.3316840E-05
+2.8370000E+00	+2.8106222E-04	+9.2806758E-05
+2.8380000E+00	+2.8075804E-04	+9.2299037E-05
+2.8390000E+00	+2.8045598E-04	+9.1793662E-05
+2.8400000E+00	+2.8015602E-04	+9.1290618E-05
+2.8410000E+00	+2.7985816E-04	+9.0789890E-05
+2.8420000E+00	+2.7956237E-04	+9.0291464E-05
+2.8430000E+00	+2.7926866E-04	+8.9795326E-05
+2.8440000E+00	+2.7897701E-04	+8.9301460E-05
+2.8450000E+00	+2.7868740E-04	+8.8809854E-05
+2.8460000E+00	+2.7839982E-04	+8.8320493E-05
+2.8470000E+00	+2.7811428E-04	+8.7833364E-05
+2.8480000E+00	+2.7783074E-04	+8.7348452E-05
+2.8490000E+00	+2.7754921E-04	+8.6865744E-05
+2.8500000E+00	+2.7726967E-04	+8.6385227E-05
+2.8510000E+00	+2.7699212E-04	+8.5906887E-05
+2.8520000E+00	+2.7671653E-04	+8.5430712E-05
+2.8530000E+00	+2.7644290E-04	+8.4956688E-05
+2.8540000E+00	+2.7617123E-04	+8.4484802E-05
+2.8550000E+00	+2.7590149E-04	+8.4015041E-05
+2.8560000E+00	+2.7563368E-04	+8.3547393E-05
+2.8570000E+00	+2.7536779E-04	+8.3081845E-05
+2.8580000E+00	+2.7510381E-04	+8.2618385E-05
+2.8590000E+00	+2.7484173E-04	+8.2157000E-05
+2.8600000E+00	+2.7458154E-04	+8.1697679E-05
+2.8610000E+00	+2.7432322E-04	+8.1240408E-05
+2.8620000E+00	+2.7406678E-04	+8.0785177E-05
+2.8630000E+00	+2.7381219E-04	+8.0331972E-05
+2.8640000E+00	+2.7355946E-04	+7.9880783E-05
+2.8650000E+00	+2.7330856E-04	+7.9431598E-05
+2.8660000E+00	+2.7305949E-04	+7.8984404E-05
+2.8670000E+00	+2.7281225E-04	+7.8539192E-05
+2.8680000E+00	+2.7256682E-04	+7.8095948E-05
+2.8690000E+00	+2.7232319E-04	+7.7654663E-05
+2.8700000E+00	+2.7208135E-04	+7.7215325E-05
+2.8710000E+00	+2.7184130E-04	+7.6777923E-05
+2.8720000E+00	+2.7160302E-04	+7.6342445E-05
+2.8730000E+00	+2.7136651E-04	+7.5908882E-05
+2.8740000E+00	+2.7113176E-04	+7.5477222E-05
+2.8750000E+00	+2.7089876E-04	+7.5047455E-05
+2.8760000E+00	+2.7066749E-04	+7.4619571E-05
+2.8770000E+00	+2.7043796E-04	+7.4193558E-05
+2.8780000E+00	+2.7021015E-04	+7.3769406E-05
+2.8790000E+00	+2.6998405E-04	+7.3347106E-05
+2.8800000E+00	+2.6975966E-04	+7.2926647E-05
+2.8810000E+00	+2.6953697E-04	+7.2508019E-05
+2.8820000E+00	+2.6931596E-04	+7.2091212E-05
+2.8830000E+00	+2.6909664E-04	+7.1676217E-05
+2.8840000E+00	+2.6887899E-04	+7.1263022E-05
+2.8850000E+00	+2.6866300E-04	+7.0851620E-05
+2.8860000E+00	+2.6844867E-04	+7.0441999E-05
+2.8870000E+00	+2.6823599E-04	+7.0034151E-05
+2.8880000E+00	+2.6802495E-04	+6.9628067E-05
+2.8890000E+00	+2.6781554E-04	+6.9223736E-05
+2.8900000E+00	+2.6760775E-04	+6.8821149E-05
+2.8910000E+00	+2.6740158E-04	+6.8420298E-05
+2.8920000E+00	+2.6719702E-04	+6.8021174E-05
+2.8930000E+00	+2.6699407E-04	+6.7623766E-05
+2.8940000E+00	+2.6679270E-04	+6.7228067E-05
+2.8950000E+00	+2.6659292E-04	+6.6834068E-05
+2.8960000E+00	+2.6639473E-04	+6.6441759E-05
+2.8970000E+00	+2.6619810E-04	+6.6051133E-05
+2.8980000E+00	+2.6600303E-04	+6.5662180E-05
+2.8990000E+00	+2.6580953E-04	+6.5274892E-05
+2.9000000E+00	+2.6561757E-04	+6.4889260E-05
+2.9010000E+00	+2.6542716E-04	+6.4505276E-05
+2.9020000E+00	+2.6523828E-04	+6.4122933E-05
+2.9030000E+00	+2.6505093E-04	+6.3742221E-05
+2.9040000E+00	+2.6486510E-04	+6.3363132E-05
+2.9050000E+00	+2.6468078E-04	+6.2985659E-05
+2.9060000E+00	+2.6449797E-04	+6.2609794E-05
+2.9070000E+00	+2.6431667E-04	+6.2235528E-05
+2.9080000E+00	+2.6413685E-04	+6.1862853E-05
+2.9090000E+00	+2.6395853E-04	+6.1491762E-05
+2.9100000E+00	+2.6378168E-04	+6.1122248E-05
+2.9110000E+00	+2.6360631E-04	+6.0754302E-05
+2.9120000E+00	+2.6343240E-04	+6.0387917E-05
+2.9130000E+00	+2.6325995E-04	+6.0023086E-05
+2.9140000E+00	+2.6308896E-04	+5.9659800E-05
+2.9150000E+00	+2.6291942E-04	+5.9298054E-05
+2.9160000E+00	+2.6275131E-04	+5.8937838E-05
+2.9170000E+00	+2.6258464E-04	+5.8579147E-05
+2.9180000E+00	+2.6241940E-04	+5.8221973E-05
+2.9190000E+00	+2.6225558E-04	+5.7866308E-05
+2.9200000E+00	+2.6209318E-04	+5.7512147E-05
+2.9210000E+00	+2.6193219E-04	+5.7159481E-05
+2.9220000E+00	+2.6177260E-04	+5.6808305E-05
+2.9230000E+00	+2.6161440E-04	+5.6458610E-05
+2.9240000E+00	+2.6145760E-04	+5.6110391E-05
+2.9250000E+00	+2.6130219E-04	+5.5763641E-05
+2.9260000E+00	+2.6114815E-04	+5.5418352E-05
+2.9270000E+00	+2.6099549E-04	+5.5074519E-05
+2.9280000E+00	+2.6084419E-04	+5.4732135E-05
+2.9290000E+00	+2.6069426E-04	+5.4391193E-05
+2.9300000E+00	+2.6054568E-04	+5.4051687E-05
+2.9310000E+00	+2.6039845E-04	+5.3713611E-05
+2.9320000E+00	+2.6025257E-04	+5.3376958E-05
+2.9330000E+00	+2.6010803E-04	+5.3041722E-05
+2.9340000E+00	+2.5996482E-04	+5.2707897E-05
+2.9350000E+00	+2.5982294E-04	+5.2375477E-05
+2.9360000E+00	+2.5968238E-04	+5.2044456E-05
+2.9370000E+00	+2.5954313E-04	+5.1714827E-05
+2.9380000E+00	+2.5940520E-04	+5.1386585E-05
+2.9390000E+00	+2.5926857E-04	+5.1059723E-05
+2.9400000E+00	+2.5913325E-04	+5.0734237E-05
+2.9410000E+00	+2.5899922E-04	+5.0410120E-05
+2.9420000E+00	+2.5886647E-04	+5.0087366E-05
+2.9430000E+00	+2.5873502E-04	+4.9765971E-05
+2.9440000E+00	+2.5860484E-04	+4.9445927E-05
+2.9450000E+00	+2.5847594E-04	+4.9127230E-05
+2.9460000E+00	+2.5834830E-04	+4.8809873E-05
+2.9470000E+00	+2.5822193E-04	+4.8493853E-05
+2.9480000E+00	+2.5809682E-04	+4.8179162E-05
+2.9490000E+00	+2.5797296E-04	+4.7865796E-05
+2.9500000E+00	+2.5785035E-04	+4.7553749E-05
+2.9510000E+00	+2.5772898E-04	+4.7243017E-05
+2.9520000E+00	+2.5760885E-04	+4.6933593E-05
+2.9530000E+00	+2.5748996E-04	+4.6625474E-05
+2.9540000E+00	+2.5737230E-04	+4.6318652E-05
+2.9550000E+00	+2.5725585E-04	+4.6013124E-05
+2.9560000E+00	+2.5714063E-04	+4.5708885E-05
+2.9570000E+00	+2.5702662E-04	+4.5405929E-05
+2.9580000E+00	+2.5691383E-04	+4.5104252E-05
+2.9590000E+00	+2.5680223E-04	+4.4803848E-05
+2.9600000E+00	+2.5669184E-04	+4.4504713E-05
+2.9610000E+00	+2.5658264E-04	+4.4206842E-05
+2.9620000E+00	+2.5647463E-04	+4.3910230E-05
+2.9630000E+00	+2.5636781E-04	+4.3614873E-05
+2.9640000E+00	+2.5626217E-04	+4.3320765E-05
+2.9650000E+00	+2.5615771E-04	+4.3027903E-05
+2.9660000E+00	+2.5605442E-04	+4.2736281E-05
+2.9670000E+00	+2.5595230E-04	+4.2445896E-05
+2.9680000E+00	+2.5585135E-04	+4.2156742E-05
+2.9690000E+00	+2.5575155E-04	+4.1868815E-05
+2.9700000E+00	+2.5565290E-04	+4.1582111E-05
+2.9710000E+00	+2.5555541E-04	+4.1296625E-05
+2.9720000E+00	+2.5545907E-04	+4.1012353E-05
+2.9730000E+00	+2.5536386E-04	+4.0729292E-05
+2.9740000E+00	+2.5526980E-04	+4.0447435E-05
+2.9750000E+00	+2.5517686E-04	+4.0166780E-05
+2.9760000E+00	+2.5508506E-04	+3.9887322E-05
+2.9770000E+00	+2.5499438E-04	+3.9609058E-05
+2.9780000E+00	+2.5490482E-04	+3.9331982E-05
+2.9790000E+00	+2.5481638E-04	+3.9056091E-05
+2.9800000E+00	+2.5472905E-04	+3.8781381E-05
+2.9810000E+00	+2.5464283E-04	+3.8507849E-05
+2.9820000E+00	+2.5455771E-04	+3.8235489E-05
+2.9830000E+00	+2.5447369E-04	+3.7964298E-05
+2.9840000E+00	+2.5439077E-04	+3.7694273E-05
+2.9850000E+00	+2.5430895E-04	+3.7425410E-05
+2.9860000E+00	+2.5422821E-04	+3.7157704E-05
+2.9870000E+00	+2.5414855E-04	+3.6891152E-05
+2.9880000E+00	+2.5406998E-04	+3.6625751E-05
+2.9890000E+00	+2.5399248E-04	+3.6361496E-05
+2.9900000E+00	+2.5391605E-04	+3.6098385E-05
+2.9910000E+00	+2.5384069E-04	+3.5836413E-05
+2.9920000E+00	+2.5376640E-04	+3.5575577E-05
+2.9930000E+00	+2.5369317E-04	+3.5315873E-05
+2.9940000E+00	+2.5362100E-04	+3.5057299E-05
+2.9950000E+00	+2.5354988E-04	+3.4799850E-05
+2.9960000E+00	+2.5347980E-04	+3.4543523E-05
+2.9970000E+00	+2.5341078E-04	+3.4288315E-05
+2.9980000E+00	+2.5334280E-04	+3.4034222E-05
+2.9990000E+00	+2.5327585E-04	+3.3781242E-05
+3.0000000E+00	+2.5320995E-04	+3.3529370E-05
